#1
double Tair1(9296,2)  # ambient temperature
0	20.9
1	20.9
2	20.8
3	20.8
4	20.8
5	20.8
6	20.8
7	20.8
8       20.8
9	20.8
10	20.8
11	20.8
12	20.8
13	20.8
14	20.8
15	20.8
16	20.9
17	20.9
18	20.8
19	20.8
20	20.8
21	20.8
22	20.7
23	20.6
24	20.6
25	20.6
26	20.6
27	20.6
28	20.6
29	20.6
30	20.7
31	20.8
32	20.8
33	20.7
34	20.6
35	20.7
36	20.7
37	20.6
38	20.6
39	20.6
40	20.6
41	20.6
42	20.7
43	20.8
44	20.9
45	20.9
46	20.7
47	20.6
48	20.4
49	20.4
50	20.4
51	20.6
52	20.7
53	20.8
54	20.7
55	20.7
56	20.7
57	20.7
58	20.7
59	20.4
60	20.3
61	20.2
62	20.1
63	20.1
64	20.1
65	20.1
66	20.1
67	20.1
68	20.0
69	20.0
70	20.0
71	19.9
72	19.9
73	19.9
74	19.9
75	20.0
76	20.1
77	20.0
78	19.9
79	19.8
80	19.7
81	19.7
82	19.8
83	19.9
84	19.9
85	19.8
86	19.9
87	19.9
88	20.0
89	20.0
90	20.1
91	20.1
92	20.1
93	20.1
94	20.1
95	19.8
96	19.7
97	19.8
98	20.0
99	20.0
100	20.0
101	20.0
102	20.0
103	20.0
104	20.0
105	20.1
106	20.1
107	20.1
108	20.1
109	20.1
110	20.0
111	19.9
112	19.9
113	19.9
114	19.8
115	19.9
116	20.0
117	20.0
118	20.0
119	20.1
120	20.1
121	20.1
122	20.0
123	20.0
124	20.1
125	20.1
126	20.1
127	20.1
128	20.1
129	20.1
130	20.1
131	20.1
132	20.1
133	20.1
134	20.1
135	20.1
136	20.1
137	20.0
138	20.0
139	20.1
140	20.1
141	20.1
142	20.1
143	20.1
144	20.1
145	20.2
146	20.1
147	20.1
148	20.1
149	20.1
150	20.1
151	20.1
152	20.1
153	20.0
154	20.0
155	20.0
156	19.9
157	19.9
158	19.9
159	19.9
160	19.9
161	19.9
162	19.9
163	19.9
164	19.9
165	19.9
166	19.9
167	19.9
168	19.9
169	19.9
170	19.8
171	19.8
172	19.8
173	19.8
174	19.8
175	19.8
176	19.8
177	19.8
178	19.8
179	19.8
180	19.8
181	19.8
182	19.8
183	19.7
184	19.7
185	19.7
186	19.7
187	19.7
188	19.7
189	19.7
190	19.7
191	19.7
192	19.7
193	19.7
194	19.7
195	19.7
196	19.7
197	19.7
198	19.8
199	19.7
200	19.7
201	19.6
202	19.6
203	19.7
204	19.6
205	19.6
206	19.6
207	19.6
208	19.7
209	19.7
210	19.7
211	19.7
212	19.7
213	19.7
214	19.7
215	19.7
216	19.7
217	19.6
218	19.7
219	19.6
220	19.6
221	19.6
222	19.6
223	19.6
224	19.6
225	19.6
226	19.6
227	19.5
228	19.4
229	19.4
230	19.4
231	19.3
232	19.3
233	19.2
234	19.3
235	19.3
236	19.3
237	19.4
238	19.4
239	19.4
240	19.4
241	19.3
242	19.2
243	19.1
244	19.0
245	19.0
246	19.0
247	19.0
248	19.0
249	19.0
250	19.0
251	19.0
252	19.0
253	19.0
254	19.0
255	19.1
256	19.1
257	19.1
258	19.0
259	19.0
260	19.1
261	19.1
262	19.1
263	19.1
264	19.0
265	19.0
266	19.1
267	19.0
268	19.0
269	19.0
270	19.0
271	18.9
272	18.9
273	18.9
274	18.9
275	18.9
276	18.9
277	18.9
278	18.9
279	18.9
280	19.0
281	18.9
282	18.8
283	18.8
284	18.8
285	18.8
286	18.8
287	18.8
288	18.8
289	18.8
290	18.8
291	18.9
292	18.9
293	18.9
294	18.9
295	18.9
296	18.9
297	18.9
298	18.8
299	18.8
300	18.8
301	18.9
302	18.9
303	18.8
304	18.8
305	18.9
306	18.9
307	19.0
308	19.0
309	19.0
310	19.0
311	19.1
312	19.1
313	19.1
314	19.1
315	19.1
316	19.1
317	19.1
318	19.1
319	19.1
320	19.2
321	19.1
322	19.2
323	19.2
324	19.2
325	19.2
326	19.2
327	19.2
328	19.2
329	19.2
330	19.2
331	19.2
332	19.2
333	19.2
334	19.2
335	19.2
336	19.2
337	19.2
338	19.1
339	19.2
340	19.2
341	19.3
342	19.3
343	19.2
344	19.3
345	19.3
346	19.4
347	19.3
348	19.4
349	19.4
350	19.4
351	19.5
352	19.6
353	19.6
354	19.6
355	19.6
356	19.6
357	19.6
358	19.6
359	19.6
360	19.7
361	19.7
362	19.7
363	19.7
364	19.7
365	19.8
366	19.7
367	19.7
368	19.8
369	19.7
370	19.7
371	19.7
372	19.7
373	19.8
374	19.8
375	19.7
376	19.8
377	19.8
378	19.7
379	19.7
380	19.7
381	19.8
382	19.8
383	19.8
384	19.8
385	19.8
386	19.8
387	19.9
388	19.9
389	19.9
390	19.9
391	19.8
392	19.9
393	19.9
394	19.9
395	20.0
396	20.0
397	20.0
398	19.9
399	20.0
400	20.0
401	20.0
402	20.0
403	20.0
404	19.9
405	20.0
406	20.1
407	20.1
408	20.1
409	20.0
410	20.1
411	20.1
412	20.2
413	20.2
414	20.2
415	20.2
416	20.3
417	20.3
418	20.3
419	20.3
420	20.3
421	20.4
422	20.4
423	20.4
424	20.5
425	20.5
426	20.6
427	20.6
428	20.6
429	20.6
430	20.6
431	20.5
432	20.6
433	20.6
434	20.7
435	20.7
436	20.7
437	20.7
438	20.8
439	20.8
440	20.7
441	20.7
442	20.7
443	20.7
444	20.8
445	20.8
446	20.8
447	20.8
448	20.8
449	20.9
450	20.9
451	20.9
452	21.0
453	21.1
454	21.2
455	21.2
456	21.2
457	21.2
458	21.3
459	21.3
460	21.4
461	21.3
462	21.3
463	21.3
464	21.4
465	21.4
466	21.4
467	21.4
468	21.4
469	21.4
470	21.4
471	21.3
472	21.4
473	21.4
474	21.5
475	21.5
476	21.5
477	21.6
478	21.7
479	21.7
480	21.7
481	21.7
482	21.7
483	21.7
484	21.9
485	21.8
486	21.8
487	21.9
488	21.9
489	21.9
490	21.9
491	21.8
492	21.8
493	21.7
494	21.7
495	21.7
496	21.8
497	21.7
498	21.8
499	21.8
500	21.8
501	21.8
502	21.8
503	21.8
504	21.7
505	21.7
506	21.7
507	21.7
508	21.7
509	21.7
510	21.7
511	21.7
512	21.6
513	21.6
514	21.6
515	21.7
516	21.6
517	21.6
518	21.5
519	21.5
520	21.5
521	21.5
522	21.5
523	21.6
524	21.6
525	21.6
526	21.6
527	21.6
528	21.6
529	21.8
530	21.9
531	21.9
532	21.9
533	21.9
534	22.0
535	22.3
536	22.3
537	22.3
538	22.2
539	22.1
540	22.3
541	22.4
542	22.6
543	22.6
544	22.8
545	22.7
546	22.9
547	22.9
548	22.8
549	22.7
550	22.8
551	22.9
552	22.9
553	22.7
554	22.9
555	22.8
556	22.9
557	23.0
558	22.9
559	22.9
560	22.9
561	22.9
562	22.9
563	22.9
564	22.9
565	22.8
566	22.8
567	22.7
568	22.8
569	22.7
570	22.8
571	22.8
572	22.8
573	22.9
574	22.9
575	22.9
576	22.9
577	22.9
578	23.0
579	23.0
580	22.9
581	23.0
582	23.0
583	22.9
584	22.9
585	22.9
586	22.9
587	22.8
588	22.8
589	22.8
590	22.8
591	22.8
592	22.8
593	22.8
594	22.7
595	22.6
596	22.6
597	22.5
598	22.5
599	22.4
600	22.4
601	22.4
602	22.4
603	22.4
604	22.4
605	22.5
606	22.5
607	22.4
608	22.4
609	22.5
610	22.5
611	22.5
612	22.6
613	22.7
614	22.7
615	22.6
616	22.7
617	22.7
618	22.6
619	22.6
620	22.6
621	22.8
622	22.8
623	22.6
624	22.7
625	22.7
626	22.7
627	22.6
628	22.5
629	22.5
630	22.4
631	22.4
632	22.4
633	22.5
634	22.4
635	22.3
636	22.3
637	22.4
638	22.4
639	22.4
640	22.4
641	22.3
642	22.4
643	22.4
644	22.5
645	22.6
646	22.6
647	22.7
648	22.8
649	22.9
650	22.8
651	22.9
652	22.6
653	22.7
654	22.6
655	22.8
656	22.9
657	22.9
658	23.0
659	22.9
660	23.1
661	23.0
662	23.1
663	23.0
664	23.1
665	23.1
666	23.0
667	23.1
668	23.1
669	23.0
670	23.0
671	23.0
672	22.9
673	22.9
674	22.9
675	22.8
676	22.8
677	22.8
678	22.7
679	22.6
680	22.7
681	22.6
682	22.6
683	22.5
684	22.6
685	22.5
686	22.6
687	22.5
688	22.4
689	22.4
690	22.4
691	22.4
692	22.4
693	22.4
694	22.5
695	22.4
696	22.5
697	22.5
698	22.5
699	22.5
700	22.4
701	22.4
702	22.4
703	22.4
704	22.4
705	22.3
706	22.3
707	22.3
708	22.2
709	22.2
710	22.2
711	22.2
712	22.1
713	22.1
714	22.0
715	22.0
716	22.0
717	22.0
718	21.9
719	21.8
720	22.0
721	21.9
722	21.9
723	21.8
724	21.7
725	21.7
726	21.6
727	21.7
728	21.6
729	21.5
730	21.5
731	21.5
732	21.6
733	21.5
734	21.5
735	21.4
736	21.3
737	21.3
738	21.3
739	21.3
740	21.3
741	21.2
742	21.2
743	21.2
744	21.2
745	21.2
746	21.2
747	21.3
748	21.2
749	21.3
750	21.3
751	21.3
752	21.2
753	20.9
754	20.7
755	20.6
756	20.7
757	20.7
758	20.7
759	20.7
760	20.6
761	20.6
762	20.5
763	20.5
764	20.4
765	20.4
766	20.3
767	20.3
768	20.4
769	20.3
770	20.3
771	20.3
772	20.3
773	20.3
774	20.3
775	20.4
776	20.4
777	20.5
778	20.5
779	20.5
780	20.5
781	20.6
782	20.7
783	20.6
784	20.6
785	20.7
786	20.7
787	20.7
788	20.7
789	20.8
790	20.8
791	20.8
792	20.8
793	20.8
794	20.8
795	20.8
796	20.9
797	20.9
798	20.9
799	20.9
800	21.0
801	20.9
802	20.9
803	21.0
804	21.0
805	20.9
806	21.0
807	21.0
808	21.0
809	21.1
810	21.0
811	21.0
812	21.0
813	21.0
814	21.0
815	21.0
816	21.0
817	21.0
818	21.1
819	21.1
820	21.1
821	21.1
822	21.2
823	21.2
824	21.2
825	21.2
826	21.1
827	21.2
828	21.2
829	21.2
830	21.2
831	21.2
832	21.2
833	21.3
834	21.3
835	21.3
836	21.3
837	21.3
838	21.3
839	21.3
840	21.3
841	21.4
842	21.4
843	21.3
844	21.3
845	21.2
846	21.2
847	21.2
848	21.3
849	21.3
850	21.2
851	21.2
852	21.2
853	21.3
854	21.2
855	21.2
856	21.2
857	21.3
858	21.2
859	21.2
860	21.2
861	21.2
862	21.2
863	21.2
864	21.2
865	21.3
866	21.2
867	21.3
868	21.3
869	21.3
870	21.3
871	21.3
872	21.2
873	21.2
874	21.3
875	21.3
876	21.3
877	21.3
878	21.3
879	21.3
880	21.3
881	21.2
882	21.2
883	21.2
884	21.1
885	21.1
886	21.1
887	21.1
888	21.1
889	21.1
890	21.1
891	21.1
892	21.1
893	21.1
894	21.1
895	21.1
896	21.1
897	21.1
898	21.2
899	21.2
900	21.2
901	21.2
902	21.1
903	21.1
904	21.1
905	21.2
906	21.2
907	21.2
908	21.2
909	21.2
910	21.2
911	21.1
912	21.1
913	21.2
914	21.1
915	21.1
916	21.2
917	21.2
918	21.3
919	21.3
920	21.4
921	21.4
922	21.4
923	21.4
924	21.4
925	21.4
926	21.3
927	21.2
928	21.2
929	21.3
930	21.3
931	21.4
932	21.4
933	21.4
934	21.4
935	21.4
936	21.4
937	21.5
938	21.4
939	21.4
940	21.4
941	21.5
942	21.4
943	21.4
944	21.4
945	21.4
946	21.4
947	21.3
948	21.3
949	21.4
950	21.3
951	21.3
952	21.3
953	21.3
954	21.2
955	21.2
956	21.2
957	21.2
958	21.1
959	21.1
960	21.1
961	21.2
962	21.1
963	21.1
964	21.1
965	21.2
966	21.2
967	21.2
968	21.2
969	21.2
970	21.1
971	21.2
972	21.2
973	21.1
974	21.1
975	21.1
976	21.1
977	21.1
978	21.2
979	21.1
980	21.1
981	21.1
982	21.1
983	21.1
984	21.1
985	21.1
986	21.1
987	21.1
988	21.1
989	21.1
990	21.1
991	21.1
992	21.2
993	21.1
994	21.1
995	21.1
996	21.1
997	21.1
998	21.1
999	21.0
1000	21.1
1001	21.1
1002	21.1
1003	21.1
1004	21.1
1005	21.1
1006	21.1
1007	21.0
1008	21.0
1009	21.0
1010	20.9
1011	21.0
1012	20.9
1013	20.9
1014	20.9
1015	20.9
1016	20.9
1017	20.8
1018	20.8
1019	20.8
1020	20.8
1021	20.7
1022	20.8
1023	20.7
1024	20.7
1025	20.7
1026	20.7
1027	20.7
1028	20.6
1029	20.6
1030	20.6
1031	20.6
1032	20.6
1033	20.5
1034	20.5
1035	20.5
1036	20.5
1037	20.4
1038	20.4
1039	20.4
1040	20.5
1041	20.4
1042	20.4
1043	20.3
1044	20.3
1045	20.3
1046	20.3
1047	20.2
1048	20.2
1049	20.2
1050	20.2
1051	20.2
1052	20.2
1053	20.2
1054	20.1
1055	20.2
1056	20.1
1057	20.1
1058	20.1
1059	20.1
1060	20.1
1061	20.0
1062	20.0
1063	20.0
1064	20.1
1065	20.0
1066	20.0
1067	20.1
1068	19.9
1069	20.0
1070	20.1
1071	20.0
1072	20.0
1073	19.9
1074	19.9
1075	19.9
1076	19.9
1077	19.8
1078	19.9
1079	19.9
1080	19.9
1081	19.8
1082	19.8
1083	19.8
1084	19.8
1085	19.9
1086	19.9
1087	19.9
1088	19.8
1089	19.9
1090	19.8
1091	19.9
1092	19.8
1093	19.8
1094	19.8
1095	19.8
1096	19.8
1097	19.9
1098	19.9
1099	19.9
1100	19.9
1101	19.9
1102	19.9
1103	19.9
1104	19.9
1105	19.8
1106	19.8
1107	19.9
1108	19.9
1109	19.8
1110	19.9
1111	19.9
1112	19.8
1113	19.9
1114	19.8
1115	19.9
1116	19.8
1117	19.9
1118	19.9
1119	19.9
1120	19.9
1121	19.9
1122	19.9
1123	19.8
1124	19.8
1125	19.8
1126	19.8
1127	19.8
1128	19.8
1129	19.8
1130	19.9
1131	19.9
1132	19.9
1133	19.9
1134	19.8
1135	19.8
1136	19.8
1137	19.8
1138	19.8
1139	19.8
1140	19.8
1141	19.7
1142	19.7
1143	19.7
1144	19.6
1145	19.7
1146	19.7
1147	19.7
1148	19.7
1149	19.7
1150	19.7
1151	19.7
1152	19.7
1153	19.7
1154	19.7
1155	19.7
1156	19.7
1157	19.6
1158	19.6
1159	19.6
1160	19.6
1161	19.6
1162	19.6
1163	19.6
1164	19.7
1165	19.7
1166	19.6
1167	19.6
1168	19.6
1169	19.6
1170	19.6
1171	19.6
1172	19.6
1173	19.6
1174	19.6
1175	19.5
1176	19.6
1177	19.6
1178	19.6
1179	19.6
1180	19.6
1181	19.5
1182	19.5
1183	19.5
1184	19.6
1185	19.5
1186	19.6
1187	19.5
1188	19.5
1189	19.5
1190	19.5
1191	19.5
1192	19.5
1193	19.5
1194	19.5
1195	19.5
1196	19.5
1197	19.4
1198	19.5
1199	19.5
1200	19.5
1201	19.4
1202	19.4
1203	19.4
1204	19.4
1205	19.4
1206	19.4
1207	19.4
1208	19.4
1209	19.3
1210	19.3
1211	19.3
1212	19.4
1213	19.4
1214	19.4
1215	19.3
1216	19.3
1217	19.3
1218	19.3
1219	19.2
1220	19.3
1221	19.3
1222	19.3
1223	19.3
1224	19.3
1225	19.3
1226	19.2
1227	19.2
1228	19.2
1229	19.2
1230	19.2
1231	19.3
1232	19.3
1233	19.3
1234	19.3
1235	19.3
1236	19.2
1237	19.3
1238	19.3
1239	19.3
1240	19.3
1241	19.2
1242	19.2
1243	19.3
1244	19.3
1245	19.3
1246	19.3
1247	19.3
1248	19.3
1249	19.2
1250	19.2
1251	19.3
1252	19.2
1253	19.2
1254	19.2
1255	19.2
1256	19.2
1257	19.2
1258	19.3
1259	19.3
1260	19.3
1261	19.3
1262	19.3
1263	19.3
1264	19.3
1265	19.3
1266	19.3
1267	19.3
1268	19.3
1269	19.3
1270	19.3
1271	19.3
1272	19.3
1273	19.3
1274	19.2
1275	19.2
1276	19.2
1277	19.2
1278	19.2
1279	19.3
1280	19.3
1281	19.3
1282	19.3
1283	19.3
1284	19.3
1285	19.3
1286	19.3
1287	19.3
1288	19.2
1289	19.2
1290	19.2
1291	19.2
1292	19.2
1293	19.1
1294	19.2
1295	19.1
1296	19.1
1297	19.1
1298	19.1
1299	19.0
1300	19.0
1301	19.0
1302	19.0
1303	19.0
1304	19.0
1305	19.0
1306	19.0
1307	18.9
1308	18.9
1309	19.0
1310	19.0
1311	18.9
1312	18.9
1313	18.9
1314	18.9
1315	18.9
1316	18.9
1317	18.9
1318	18.9
1319	18.9
1320	18.9
1321	18.8
1322	18.8
1323	18.9
1324	18.8
1325	18.8
1326	18.8
1327	18.8
1328	18.8
1329	18.8
1330	18.7
1331	18.8
1332	18.7
1333	18.7
1334	18.8
1335	18.8
1336	18.7
1337	18.7
1338	18.8
1339	18.7
1340	18.7
1341	18.7
1342	18.7
1343	18.7
1344	18.7
1345	18.7
1346	18.7
1347	18.7
1348	18.7
1349	18.7
1350	18.7
1351	18.7
1352	18.7
1353	18.7
1354	18.7
1355	18.7
1356	18.7
1357	18.7
1358	18.7
1359	18.7
1360	18.7
1361	18.7
1362	18.7
1363	18.7
1364	18.7
1365	18.7
1366	18.7
1367	18.7
1368	18.7
1369	18.6
1370	18.6
1371	18.6
1372	18.6
1373	18.7
1374	18.6
1375	18.6
1376	18.6
1377	18.6
1378	18.6
1379	18.6
1380	18.5
1381	18.6
1382	18.6
1383	18.5
1384	18.5
1385	18.5
1386	18.5
1387	18.5
1388	18.5
1389	18.5
1390	18.6
1391	18.6
1392	18.6
1393	18.5
1394	18.5
1395	18.5
1396	18.5
1397	18.5
1398	18.5
1399	18.5
1400	18.5
1401	18.5
1402	18.5
1403	18.5
1404	18.5
1405	18.5
1406	18.5
1407	18.5
1408	18.5
1409	18.5
1410	18.5
1411	18.5
1412	18.5
1413	18.5
1414	18.5
1415	18.5
1416	18.5
1417	18.5
1418	18.5
1419	18.5
1420	18.5
1421	18.5
1422	18.5
1423	18.5
1424	18.5
1425	18.4
1426	18.5
1427	18.4
1428	18.5
1429	18.5
1430	18.5
1431	18.5
1432	18.5
1433	18.4
1434	18.4
1435	18.4
1436	18.4
1437	18.4
1438	18.5
1439	18.5
1440	18.4
1441	18.4
1442	18.4
1443	18.4
1444	18.4
1445	18.4
1446	18.4
1447	18.4
1448	18.4
1449	18.4
1450	18.4
1451	18.4
1452	18.4
1453	18.4
1454	18.4
1455	18.4
1456	18.4
1457	18.4
1458	18.4
1459	18.4
1460	18.4
1461	18.4
1462	18.4
1463	18.4
1464	18.4
1465	18.4
1466	18.4
1467	18.4
1468	18.4
1469	18.4
1470	18.4
1471	18.4
1472	18.4
1473	18.4
1474	18.3
1475	18.3
1476	18.4
1477	18.4
1478	18.3
1479	18.3
1480	18.4
1481	18.4
1482	18.4
1483	18.3
1484	18.4
1485	18.3
1486	18.4
1487	18.4
1488	18.4
1489	18.4
1490	18.4
1491	18.3
1492	18.3
1493	18.3
1494	18.3
1495	18.3
1496	18.3
1497	18.3
1498	18.3
1499	18.3
1500	18.3
1501	18.3
1502	18.3
1503	18.3
1504	18.3
1505	18.3
1506	18.3
1507	18.3
1508	18.3
1509	18.3
1510	18.3
1511	18.3
1512	18.3
1513	18.3
1514	18.3
1515	18.3
1516	18.3
1517	18.3
1518	18.3
1519	18.3
1520	18.3
1521	18.3
1522	18.3
1523	18.3
1524	18.3
1525	18.3
1526	18.3
1527	18.3
1528	18.3
1529	18.3
1530	18.3
1531	18.3
1532	18.3
1533	18.3
1534	18.3
1535	18.3
1536	18.3
1537	18.3
1538	18.3
1539	18.3
1540	18.3
1541	18.3
1542	18.3
1543	18.3
1544	18.3
1545	18.3
1546	18.3
1547	18.3
1548	18.3
1549	18.3
1550	18.3
1551	18.3
1552	18.3
1553	18.2
1554	18.3
1555	18.3
1556	18.3
1557	18.3
1558	18.3
1559	18.2
1560	18.2
1561	18.2
1562	18.2
1563	18.2
1564	18.2
1565	18.2
1566	18.2
1567	18.3
1568	18.2
1569	18.2
1570	18.2
1571	18.2
1572	18.3
1573	18.2
1574	18.2
1575	18.2
1576	18.2
1577	18.2
1578	18.2
1579	18.2
1580	18.2
1581	18.2
1582	18.2
1583	18.2
1584	18.2
1585	18.2
1586	18.2
1587	18.2
1588	18.2
1589	18.2
1590	18.2
1591	18.2
1592	18.2
1593	18.1
1594	18.2
1595	18.2
1596	18.1
1597	18.1
1598	18.1
1599	18.1
1600	18.1
1601	18.1
1602	18.1
1603	18.1
1604	18.2
1605	18.1
1606	18.1
1607	18.1
1608	18.1
1609	18.1
1610	18.0
1611	18.0
1612	18.0
1613	18.0
1614	18.0
1615	18.0
1616	18.0
1617	18.0
1618	18.0
1619	18.0
1620	18.0
1621	18.0
1622	18.0
1623	18.0
1624	18.0
1625	18.0
1626	18.0
1627	17.9
1628	17.9
1629	17.9
1630	18.0
1631	17.9
1632	17.9
1633	17.9
1634	17.9
1635	17.9
1636	17.9
1637	17.9
1638	17.9
1639	17.9
1640	17.9
1641	17.9
1642	17.9
1643	17.9
1644	17.9
1645	17.9
1646	17.8
1647	17.8
1648	17.8
1649	17.8
1650	17.8
1651	17.8
1652	17.8
1653	17.8
1654	17.8
1655	17.8
1656	17.8
1657	17.8
1658	17.8
1659	17.7
1660	17.8
1661	17.8
1662	17.8
1663	17.8
1664	17.8
1665	17.8
1666	17.8
1667	17.8
1668	17.8
1669	17.8
1670	17.8
1671	17.8
1672	17.8
1673	17.8
1674	17.8
1675	17.8
1676	17.8
1677	17.8
1678	17.8
1679	17.8
1680	17.8
1681	17.8
1682	17.8
1683	17.8
1684	17.8
1685	17.8
1686	17.8
1687	17.8
1688	17.8
1689	17.8
1690	17.8
1691	17.8
1692	17.8
1693	17.9
1694	17.8
1695	17.8
1696	17.8
1697	17.8
1698	17.9
1699	17.8
1700	17.8
1701	17.8
1702	17.8
1703	17.8
1704	17.9
1705	17.8
1706	17.9
1707	17.8
1708	17.9
1709	17.9
1710	17.9
1711	17.9
1712	17.9
1713	17.8
1714	17.8
1715	17.8
1716	17.9
1717	17.8
1718	17.8
1719	17.8
1720	17.8
1721	17.9
1722	17.8
1723	17.9
1724	17.9
1725	17.9
1726	17.8
1727	17.8
1728	17.8
1729	17.8
1730	17.8
1731	17.9
1732	17.9
1733	17.8
1734	17.8
1735	17.8
1736	17.9
1737	17.8
1738	17.8
1739	17.8
1740	17.8
1741	17.8
1742	17.8
1743	17.9
1744	17.8
1745	17.8
1746	17.8
1747	17.8
1748	17.9
1749	17.8
1750	17.9
1751	17.8
1752	17.8
1753	17.8
1754	17.9
1755	17.8
1756	17.9
1757	17.8
1758	17.8
1759	17.8
1760	17.8
1761	17.8
1762	17.8
1763	17.8
1764	17.8
1765	17.8
1766	17.8
1767	17.8
1768	17.8
1769	17.8
1770	17.8
1771	17.8
1772	17.8
1773	17.8
1774	17.8
1775	17.8
1776	17.8
1777	17.9
1778	17.8
1779	17.9
1780	17.9
1781	17.8
1782	17.8
1783	17.8
1784	17.8
1785	17.8
1786	17.9
1787	17.9
1788	17.8
1789	17.9
1790	17.9
1791	17.8
1792	17.8
1793	17.8
1794	17.8
1795	17.8
1796	17.8
1797	17.8
1798	17.8
1799	17.9
1800	17.8
1801	17.8
1802	17.7
1803	17.8
1804	17.7
1805	17.7
1806	17.7
1807	17.7
1808	17.7
1809	17.7
1810	17.8
1811	17.7
1812	17.7
1813	17.7
1814	17.7
1815	17.7
1816	17.6
1817	17.6
1818	17.6
1819	17.7
1820	17.6
1821	17.6
1822	17.6
1823	17.7
1824	17.6
1825	17.7
1826	17.7
1827	17.6
1828	17.6
1829	17.6
1830	17.6
1831	17.6
1832	17.6
1833	17.7
1834	17.6
1835	17.6
1836	17.6
1837	17.6
1838	17.6
1839	17.6
1840	17.6
1841	17.6
1842	17.6
1843	17.6
1844	17.6
1845	17.7
1846	17.7
1847	17.6
1848	17.6
1849	17.6
1850	17.6
1851	17.6
1852	17.6
1853	17.5
1854	17.5
1855	17.5
1856	17.5
1857	17.6
1858	17.5
1859	17.5
1860	17.5
1861	17.5
1862	17.5
1863	17.5
1864	17.5
1865	17.5
1866	17.5
1867	17.6
1868	17.5
1869	17.6
1870	17.5
1871	17.6
1872	17.6
1873	17.5
1874	17.5
1875	17.6
1876	17.5
1877	17.5
1878	17.6
1879	17.5
1880	17.4
1881	17.5
1882	17.5
1883	17.5
1884	17.5
1885	17.5
1886	17.5
1887	17.4
1888	17.5
1889	17.5
1890	17.5
1891	17.5
1892	17.5
1893	17.5
1894	17.5
1895	17.5
1896	17.5
1897	17.5
1898	17.5
1899	17.6
1900	17.5
1901	17.6
1902	17.5
1903	17.5
1904	17.5
1905	17.5
1906	17.5
1907	17.6
1908	17.6
1909	17.5
1910	17.6
1911	17.6
1912	17.6
1913	17.6
1914	17.6
1915	17.6
1916	17.6
1917	17.6
1918	17.7
1919	17.6
1920	17.6
1921	17.6
1922	17.6
1923	17.6
1924	17.6
1925	17.7
1926	17.6
1927	17.6
1928	17.6
1929	17.7
1930	17.6
1931	17.6
1932	17.6
1933	17.7
1934	17.7
1935	17.7
1936	17.7
1937	17.6
1938	17.6
1939	17.7
1940	17.7
1941	17.7
1942	17.7
1943	17.7
1944	17.7
1945	17.7
1946	17.7
1947	17.6
1948	17.7
1949	17.7
1950	17.6
1951	17.6
1952	17.7
1953	17.8
1954	17.7
1955	17.7
1956	17.7
1957	17.7
1958	17.7
1959	17.7
1960	17.7
1961	17.7
1962	17.8
1963	17.7
1964	17.7
1965	17.7
1966	17.7
1967	17.7
1968	17.8
1969	17.7
1970	17.7
1971	17.7
1972	17.7
1973	17.7
1974	17.7
1975	17.7
1976	17.7
1977	17.7
1978	17.7
1979	17.7
1980	17.6
1981	17.7
1982	17.8
1983	17.8
1984	17.7
1985	17.7
1986	17.7
1987	17.8
1988	17.8
1989	17.8
1990	17.7
1991	17.7
1992	17.8
1993	17.8
1994	17.7
1995	17.8
1996	17.8
1997	17.7
1998	17.8
1999	17.8
2000	17.8
2001	17.8
2002	17.7
2003	17.8
2004	17.7
2005	17.8
2006	17.7
2007	17.8
2008	17.8
2009	17.8
2010	17.8
2011	17.7
2012	17.8
2013	17.8
2014	17.7
2015	17.8
2016	17.7
2017	17.8
2018	17.7
2019	17.8
2020	17.8
2021	17.8
2022	17.9
2023	17.8
2024	17.8
2025	17.9
2026	17.8
2027	17.8
2028	17.9
2029	17.9
2030	17.8
2031	17.8
2032	17.8
2033	17.8
2034	17.8
2035	17.7
2036	17.8
2037	17.8
2038	17.7
2039	17.7
2040	17.8
2041	17.8
2042	17.9
2043	18.0
2044	18.0
2045	18.1
2046	18.0
2047	18.0
2048	18.0
2049	18.1
2050	18.0
2051	17.9
2052	17.9
2053	17.9
2054	17.9
2055	17.9
2056	17.9
2057	17.9
2058	17.9
2059	18.0
2060	18.0
2061	18.0
2062	18.0
2063	18.0
2064	18.0
2065	18.1
2066	18.1
2067	18.1
2068	18.1
2069	18.1
2070	18.1
2071	18.2
2072	18.2
2073	18.2
2074	18.2
2075	18.3
2076	18.3
2077	18.3
2078	18.4
2079	18.3
2080	18.4
2081	18.4
2082	18.4
2083	18.4
2084	18.3
2085	18.4
2086	18.2
2087	18.2
2088	18.2
2089	18.2
2090	18.2
2091	18.2
2092	18.2
2093	18.3
2094	18.2
2095	18.3
2096	18.3
2097	18.3
2098	18.3
2099	18.3
2100	18.4
2101	18.4
2102	18.4
2103	18.3
2104	18.3
2105	18.3
2106	18.3
2107	18.2
2108	18.2
2109	18.3
2110	18.4
2111	18.3
2112	18.4
2113	18.3
2114	18.3
2115	18.3
2116	18.3
2117	18.3
2118	18.3
2119	18.4
2120	18.3
2121	18.2
2122	18.3
2123	18.3
2124	18.3
2125	18.2
2126	18.2
2127	18.2
2128	18.3
2129	18.3
2130	18.3
2131	18.3
2132	18.4
2133	18.4
2134	18.4
2135	18.4
2136	18.4
2137	18.5
2138	18.6
2139	18.6
2140	18.5
2141	18.6
2142	18.6
2143	18.6
2144	18.6
2145	18.6
2146	18.6
2147	18.7
2148	18.7
2149	18.6
2150	18.7
2151	18.7
2152	18.6
2153	18.6
2154	18.6
2155	18.6
2156	18.7
2157	18.7
2158	18.7
2159	18.8
2160	18.6
2161	18.7
2162	18.7
2163	18.7
2164	18.7
2165	18.8
2166	18.7
2167	18.7
2168	18.7
2169	18.8
2170	18.8
2171	18.8
2172	18.9
2173	18.9
2174	18.9
2175	19.0
2176	19.0
2177	19.0
2178	19.0
2179	19.1
2180	19.0
2181	19.1
2182	19.1
2183	19.2
2184	19.2
2185	19.3
2186	19.3
2187	19.3
2188	19.3
2189	19.3
2190	19.4
2191	19.4
2192	19.5
2193	19.5
2194	19.5
2195	19.6
2196	19.6
2197	19.7
2198	19.7
2199	19.7
2200	19.8
2201	19.9
2202	20.0
2203	20.0
2204	20.1
2205	20.0
2206	20.1
2207	20.1
2208	20.2
2209	20.3
2210	20.4
2211	20.4
2212	20.6
2213	20.5
2214	20.5
2215	20.5
2216	20.5
2217	20.6
2218	20.8
2219	20.8
2220	20.8
2221	20.8
2222	21.0
2223	21.0
2224	21.1
2225	21.1
2226	21.1
2227	21.2
2228	21.2
2229	21.2
2230	21.2
2231	21.2
2232	21.2
2233	21.2
2234	21.3
2235	21.3
2236	21.3
2237	21.2
2238	21.1
2239	21.0
2240	21.1
2241	21.0
2242	20.9
2243	20.9
2244	20.9
2245	21.0
2246	21.1
2247	21.1
2248	21.1
2249	21.1
2250	21.1
2251	21.1
2252	21.0
2253	21.0
2254	21.1
2255	21.2
2256	21.3
2257	21.4
2258	21.4
2259	21.5
2260	21.5
2261	21.5
2262	21.5
2263	21.5
2264	21.6
2265	21.7
2266	21.6
2267	21.7
2268	21.7
2269	21.6
2270	21.6
2271	21.7
2272	21.7
2273	21.7
2274	21.7
2275	21.7
2276	21.7
2277	21.7
2278	21.6
2279	21.7
2280	21.7
2281	21.8
2282	21.7
2283	21.7
2284	21.5
2285	21.5
2286	21.6
2287	21.7
2288	21.7
2289	21.8
2290	21.8
2291	21.9
2292	22.0
2293	21.9
2294	21.9
2295	22.0
2296	22.0
2297	22.0
2298	22.0
2299	22.0
2300	21.9
2301	21.8
2302	21.8
2303	21.8
2304	21.8
2305	21.8
2306	21.7
2307	21.7
2308	21.6
2309	21.6
2310	21.7
2311	21.8
2312	21.8
2313	21.8
2314	21.8
2315	21.8
2316	21.8
2317	21.9
2318	22.0
2319	21.9
2320	22.0
2321	22.0
2322	22.0
2323	22.0
2324	22.1
2325	22.0
2326	22.2
2327	22.2
2328	22.3
2329	22.3
2330	22.3
2331	22.4
2332	22.5
2333	22.5
2334	22.4
2335	22.6
2336	22.6
2337	22.8
2338	22.8
2339	22.8
2340	22.7
2341	22.7
2342	22.7
2343	22.8
2344	22.6
2345	22.6
2346	22.6
2347	22.6
2348	22.6
2349	22.5
2350	22.5
2351	22.6
2352	22.6
2353	22.7
2354	22.6
2355	22.6
2356	22.5
2357	22.4
2358	22.4
2359	22.4
2360	22.4
2361	22.3
2362	22.2
2363	22.2
2364	22.1
2365	21.9
2366	21.7
2367	21.6
2368	21.5
2369	21.4
2370	21.4
2371	21.6
2372	21.5
2373	21.3
2374	21.3
2375	21.1
2376	21.1
2377	21.0
2378	21.0
2379	20.9
2380	20.9
2381	20.8
2382	20.8
2383	20.9
2384	21.1
2385	21.3
2386	21.4
2387	21.6
2388	21.8
2389	22.0
2390	22.2
2391	22.4
2392	22.4
2393	22.4
2394	22.3
2395	22.2
2396	22.2
2397	22.4
2398	22.4
2399	22.5
2400	22.4
2401	22.5
2402	22.3
2403	22.3
2404	22.2
2405	22.2
2406	22.1
2407	22.1
2408	22.1
2409	22.0
2410	22.0
2411	21.9
2412	21.9
2413	21.9
2414	22.0
2415	22.0
2416	22.0
2417	22.0
2418	21.9
2419	22.0
2420	22.0
2421	21.9
2422	21.9
2423	21.8
2424	21.8
2425	21.7
2426	21.6
2427	21.5
2428	21.2
2429	21.0
2430	20.8
2431	20.7
2432	20.6
2433	20.5
2434	20.4
2435	20.2
2436	20.2
2437	20.2
2438	20.0
2439	20.0
2440	19.8
2441	19.8
2442	19.8
2443	19.8
2444	19.6
2445	19.6
2446	19.6
2447	19.4
2448	19.4
2449	19.4
2450	19.3
2451	19.2
2452	19.1
2453	19.2
2454	19.1
2455	18.9
2456	18.7
2457	18.6
2458	18.5
2459	18.4
2460	18.3
2461	18.2
2462	18.2
2463	18.1
2464	18.0
2465	18.0
2466	18.0
2467	18.0
2468	17.9
2469	18.0
2470	18.0
2471	18.2
2472	18.2
2473	18.2
2474	18.3
2475	18.3
2476	18.4
2477	18.4
2478	18.6
2479	18.6
2480	18.7
2481	18.7
2482	18.8
2483	18.9
2484	18.9
2485	18.8
2486	18.9
2487	19.1
2488	19.2
2489	19.2
2490	19.3
2491	19.5
2492	19.6
2493	19.7
2494	19.9
2495	19.7
2496	20.1
2497	20.0
2498	20.1
2499	20.1
2500	20.2
2501	20.3
2502	20.0
2503	20.0
2504	20.0
2505	20.2
2506	20.3
2507	20.2
2508	20.2
2509	20.1
2510	20.3
2511	20.2
2512	20.1
2513	20.2
2514	20.5
2515	20.5
2516	20.4
2517	20.5
2518	20.5
2519	20.5
2520	20.4
2521	20.4
2522	20.4
2523	20.4
2524	20.3
2525	20.3
2526	20.2
2527	20.2
2528	20.2
2529	20.3
2530	20.2
2531	20.2
2532	20.2
2533	20.2
2534	20.2
2535	20.1
2536	20.1
2537	20.1
2538	20.1
2539	19.9
2540	20.0
2541	20.0
2542	19.9
2543	19.8
2544	19.7
2545	19.7
2546	19.7
2547	19.7
2548	19.6
2549	19.7
2550	19.7
2551	19.7
2552	19.7
2553	19.6
2554	19.6
2555	19.6
2556	19.7
2557	19.8
2558	19.7
2559	19.6
2560	19.6
2561	19.6
2562	19.6
2563	19.6
2564	19.6
2565	19.6
2566	19.6
2567	19.5
2568	19.4
2569	19.3
2570	19.3
2571	19.3
2572	19.3
2573	19.2
2574	19.2
2575	19.1
2576	19.0
2577	18.9
2578	19.0
2579	19.0
2580	18.8
2581	18.7
2582	18.7
2583	18.6
2584	18.4
2585	18.4
2586	18.2
2587	18.1
2588	18.2
2589	18.0
2590	17.9
2591	17.8
2592	17.7
2593	17.8
2594	17.7
2595	17.5
2596	17.6
2597	17.5
2598	17.4
2599	17.5
2600	17.5
2601	17.3
2602	17.3
2603	17.3
2604	17.3
2605	17.2
2606	17.2
2607	17.4
2608	17.4
2609	17.4
2610	17.3
2611	17.4
2612	17.4
2613	17.4
2614	17.4
2615	17.4
2616	17.4
2617	17.3
2618	17.4
2619	17.5
2620	17.3
2621	17.4
2622	17.5
2623	17.5
2624	17.5
2625	17.4
2626	17.4
2627	17.5
2628	17.4
2629	17.3
2630	17.3
2631	17.3
2632	17.3
2633	17.4
2634	17.3
2635	17.3
2636	17.3
2637	17.3
2638	17.4
2639	17.2
2640	17.3
2641	17.4
2642	17.4
2643	17.3
2644	17.2
2645	17.2
2646	17.2
2647	17.2
2648	17.3
2649	17.3
2650	17.3
2651	17.2
2652	17.2
2653	17.2
2654	17.2
2655	17.2
2656	17.2
2657	17.2
2658	17.2
2659	17.4
2660	17.3
2661	17.2
2662	17.1
2663	17.1
2664	17.1
2665	17.1
2666	17.2
2667	17.1
2668	17.0
2669	17.2
2670	17.2
2671	17.2
2672	17.1
2673	17.1
2674	17.1
2675	17.1
2676	17.2
2677	17.1
2678	17.1
2679	17.0
2680	17.0
2681	17.1
2682	17.2
2683	17.2
2684	17.3
2685	17.2
2686	17.1
2687	17.1
2688	17.2
2689	17.2
2690	17.2
2691	17.3
2692	17.2
2693	17.1
2694	17.2
2695	17.1
2696	17.1
2697	17.1
2698	17.1
2699	17.1
2700	17.2
2701	17.2
2702	17.1
2703	17.2
2704	17.1
2705	17.1
2706	17.1
2707	17.1
2708	17.1
2709	17.1
2710	17.1
2711	17.1
2712	17.1
2713	17.1
2714	17.0
2715	17.2
2716	17.1
2717	17.0
2718	17.1
2719	17.0
2720	17.1
2721	17.1
2722	17.1
2723	17.1
2724	17.1
2725	17.1
2726	17.1
2727	17.0
2728	17.1
2729	17.0
2730	17.0
2731	17.1
2732	17.0
2733	17.1
2734	17.1
2735	17.1
2736	17.1
2737	17.0
2738	16.9
2739	16.9
2740	17.0
2741	17.0
2742	16.9
2743	16.9
2744	16.9
2745	16.8
2746	16.8
2747	16.9
2748	16.9
2749	16.9
2750	16.8
2751	16.8
2752	16.8
2753	16.8
2754	16.8
2755	16.8
2756	16.8
2757	16.7
2758	16.7
2759	16.8
2760	16.7
2761	16.8
2762	16.8
2763	16.7
2764	16.8
2765	16.7
2766	16.7
2767	16.7
2768	16.7
2769	16.7
2770	16.8
2771	16.8
2772	16.8
2773	16.8
2774	16.8
2775	16.8
2776	16.8
2777	16.8
2778	16.8
2779	16.8
2780	16.8
2781	16.8
2782	16.8
2783	16.9
2784	16.9
2785	16.9
2786	16.9
2787	16.9
2788	17.0
2789	17.0
2790	17.0
2791	17.0
2792	16.9
2793	16.9
2794	16.8
2795	16.9
2796	16.9
2797	16.9
2798	16.8
2799	16.9
2800	16.9
2801	17.0
2802	17.0
2803	16.9
2804	17.0
2805	16.9
2806	16.9
2807	16.9
2808	16.9
2809	16.9
2810	16.9
2811	16.9
2812	16.8
2813	16.9
2814	16.9
2815	16.8
2816	16.8
2817	16.9
2818	16.9
2819	16.8
2820	16.8
2821	16.8
2822	16.9
2823	16.8
2824	16.8
2825	16.8
2826	16.8
2827	16.8
2828	16.8
2829	16.8
2830	16.8
2831	16.8
2832	16.8
2833	16.8
2834	16.8
2835	16.8
2836	16.8
2837	16.8
2838	16.8
2839	16.8
2840	16.8
2841	16.8
2842	16.8
2843	16.8
2844	16.7
2845	16.8
2846	16.7
2847	16.7
2848	16.8
2849	16.8
2850	16.8
2851	16.8
2852	16.8
2853	16.8
2854	16.8
2855	16.8
2856	16.8
2857	16.7
2858	16.8
2859	16.8
2860	16.8
2861	16.8
2862	16.7
2863	16.7
2864	16.7
2865	16.7
2866	16.7
2867	16.7
2868	16.7
2869	16.7
2870	16.7
2871	16.8
2872	16.8
2873	16.8
2874	16.8
2875	16.8
2876	16.7
2877	16.8
2878	16.8
2879	16.8
2880	16.7
2881	16.7
2882	16.7
2883	16.7
2884	16.7
2885	16.7
2886	16.7
2887	16.7
2888	16.7
2889	16.7
2890	16.7
2891	16.7
2892	16.7
2893	16.6
2894	16.6
2895	16.6
2896	16.6
2897	16.6
2898	16.6
2899	16.6
2900	16.6
2901	16.6
2902	16.7
2903	16.7
2904	16.7
2905	16.7
2906	16.7
2907	16.7
2908	16.7
2909	16.7
2910	16.7
2911	16.7
2912	16.7
2913	16.7
2914	16.6
2915	16.7
2916	16.7
2917	16.7
2918	16.6
2919	16.7
2920	16.6
2921	16.6
2922	16.7
2923	16.7
2924	16.7
2925	16.6
2926	16.7
2927	16.7
2928	16.7
2929	16.6
2930	16.6
2931	16.6
2932	16.7
2933	16.7
2934	16.7
2935	16.7
2936	16.8
2937	16.7
2938	16.7
2939	16.7
2940	16.7
2941	16.7
2942	16.7
2943	16.7
2944	16.7
2945	16.7
2946	16.7
2947	16.7
2948	16.7
2949	16.6
2950	16.6
2951	16.6
2952	16.6
2953	16.6
2954	16.6
2955	16.5
2956	16.5
2957	16.5
2958	16.5
2959	16.5
2960	16.5
2961	16.5
2962	16.5
2963	16.4
2964	16.4
2965	16.5
2966	16.5
2967	16.4
2968	16.4
2969	16.4
2970	16.4
2971	16.4
2972	16.4
2973	16.5
2974	16.5
2975	16.6
2976	16.6
2977	16.6
2978	16.6
2979	16.6
2980	16.7
2981	16.6
2982	16.6
2983	16.6
2984	16.6
2985	16.6
2986	16.6
2987	16.6
2988	16.6
2989	16.5
2990	16.6
2991	16.5
2992	16.5
2993	16.5
2994	16.6
2995	16.6
2996	16.7
2997	16.6
2998	16.6
2999	16.6
3000	16.6
3001	16.5
3002	16.6
3003	16.6
3004	16.6
3005	16.5
3006	16.5
3007	16.5
3008	16.5
3009	16.4
3010	16.3
3011	16.3
3012	16.3
3013	16.2
3014	16.3
3015	16.3
3016	16.3
3017	16.2
3018	16.2
3019	16.1
3020	16.1
3021	16.1
3022	16.2
3023	16.2
3024	16.3
3025	16.3
3026	16.3
3027	16.3
3028	16.3
3029	16.3
3030	16.3
3031	16.3
3032	16.3
3033	16.3
3034	16.2
3035	16.2
3036	16.2
3037	16.2
3038	16.2
3039	16.2
3040	16.1
3041	16.1
3042	16.1
3043	16.1
3044	16.1
3045	16.0
3046	16.1
3047	16.0
3048	16.0
3049	16.0
3050	16.0
3051	16.0
3052	16.0
3053	16.0
3054	16.0
3055	15.9
3056	15.9
3057	15.9
3058	15.9
3059	15.9
3060	15.9
3061	15.9
3062	16.0
3063	16.0
3064	16.0
3065	16.0
3066	16.0
3067	16.1
3068	16.1
3069	16.1
3070	16.0
3071	16.0
3072	16.0
3073	15.9
3074	15.8
3075	15.8
3076	15.8
3077	15.8
3078	15.9
3079	15.9
3080	15.9
3081	15.9
3082	16.0
3083	15.9
3084	16.0
3085	16.0
3086	16.0
3087	16.0
3088	16.0
3089	16.0
3090	16.0
3091	16.0
3092	16.0
3093	16.0
3094	16.1
3095	16.0
3096	16.0
3097	16.0
3098	16.0
3099	16.0
3100	16.0
3101	16.1
3102	16.1
3103	16.1
3104	16.1
3105	16.1
3106	16.1
3107	16.1
3108	16.0
3109	16.0
3110	16.0
3111	15.9
3112	15.9
3113	15.9
3114	15.9
3115	15.9
3116	16.0
3117	16.1
3118	16.0
3119	16.0
3120	16.1
3121	16.1
3122	16.1
3123	16.1
3124	16.1
3125	16.0
3126	16.1
3127	16.1
3128	16.1
3129	16.1
3130	16.1
3131	16.1
3132	16.1
3133	16.1
3134	16.1
3135	16.1
3136	16.1
3137	16.1
3138	16.1
3139	16.1
3140	16.1
3141	16.1
3142	16.1
3143	16.1
3144	16.1
3145	16.2
3146	16.1
3147	16.1
3148	16.1
3149	16.2
3150	16.2
3151	16.3
3152	16.2
3153	16.1
3154	16.1
3155	16.2
3156	16.2
3157	16.2
3158	16.2
3159	16.2
3160	16.2
3161	16.2
3162	16.2
3163	16.2
3164	16.3
3165	16.3
3166	16.3
3167	16.3
3168	16.3
3169	16.3
3170	16.3
3171	16.3
3172	16.4
3173	16.4
3174	16.3
3175	16.3
3176	16.3
3177	16.3
3178	16.3
3179	16.3
3180	16.2
3181	16.3
3182	16.3
3183	16.3
3184	16.3
3185	16.3
3186	16.3
3187	16.2
3188	16.2
3189	16.2
3190	16.2
3191	16.3
3192	16.2
3193	16.2
3194	16.2
3195	16.2
3196	16.2
3197	16.2
3198	16.2
3199	16.2
3200	16.2
3201	16.2
3202	16.2
3203	16.2
3204	16.2
3205	16.2
3206	16.2
3207	16.2
3208	16.3
3209	16.3
3210	16.2
3211	16.3
3212	16.3
3213	16.3
3214	16.3
3215	16.3
3216	16.3
3217	16.3
3218	16.3
3219	16.3
3220	16.3
3221	16.3
3222	16.3
3223	16.4
3224	16.4
3225	16.5
3226	16.5
3227	16.4
3228	16.4
3229	16.5
3230	16.5
3231	16.4
3232	16.5
3233	16.5
3234	16.5
3235	16.5
3236	16.5
3237	16.5
3238	16.5
3239	16.6
3240	16.5
3241	16.5
3242	16.5
3243	16.5
3244	16.5
3245	16.5
3246	16.5
3247	16.5
3248	16.6
3249	16.6
3250	16.6
3251	16.5
3252	16.6
3253	16.6
3254	16.6
3255	16.6
3256	16.7
3257	16.6
3258	16.6
3259	16.6
3260	16.7
3261	16.7
3262	16.6
3263	16.7
3264	16.7
3265	16.8
3266	16.7
3267	16.8
3268	16.8
3269	16.8
3270	16.8
3271	16.8
3272	16.9
3273	16.9
3274	16.9
3275	16.9
3276	16.9
3277	16.9
3278	16.9
3279	16.9
3280	16.9
3281	16.9
3282	16.9
3283	16.9
3284	16.9
3285	16.9
3286	17.0
3287	16.9
3288	16.9
3289	17.0
3290	16.9
3291	16.9
3292	16.9
3293	17.0
3294	17.0
3295	17.0
3296	17.0
3297	17.0
3298	16.9
3299	17.0
3300	17.0
3301	17.0
3302	17.0
3303	17.0
3304	17.0
3305	17.0
3306	17.0
3307	17.1
3308	17.1
3309	17.1
3310	17.1
3311	17.1
3312	17.1
3313	17.1
3314	17.1
3315	17.1
3316	17.1
3317	17.1
3318	17.3
3319	17.2
3320	17.2
3321	17.2
3322	17.2
3323	17.3
3324	17.2
3325	17.4
3326	17.3
3327	17.3
3328	17.4
3329	17.5
3330	17.5
3331	17.5
3332	17.6
3333	17.6
3334	17.6
3335	17.6
3336	17.6
3337	17.6
3338	17.5
3339	17.5
3340	17.5
3341	17.5
3342	17.5
3343	17.4
3344	17.5
3345	17.5
3346	17.5
3347	17.4
3348	17.4
3349	17.4
3350	17.5
3351	17.4
3352	17.4
3353	17.4
3354	17.4
3355	17.4
3356	17.5
3357	17.5
3358	17.6
3359	17.5
3360	17.6
3361	17.7
3362	17.6
3363	17.6
3364	17.7
3365	17.7
3366	17.8
3367	17.8
3368	17.8
3369	17.7
3370	17.9
3371	18.0
3372	17.9
3373	17.9
3374	17.8
3375	18.0
3376	18.0
3377	18.0
3378	18.0
3379	17.9
3380	18.0
3381	18.0
3382	17.9
3383	17.9
3384	17.9
3385	18.0
3386	18.0
3387	18.0
3388	18.0
3389	18.0
3390	18.0
3391	18.0
3392	17.9
3393	17.9
3394	18.0
3395	17.9
3396	18.0
3397	17.9
3398	17.9
3399	17.9
3400	17.9
3401	17.9
3402	18.0
3403	17.9
3404	18.0
3405	18.0
3406	18.0
3407	18.1
3408	18.1
3409	18.2
3410	18.2
3411	18.3
3412	18.3
3413	18.3
3414	18.4
3415	18.4
3416	18.4
3417	18.5
3418	18.4
3419	18.6
3420	18.6
3421	18.6
3422	18.7
3423	18.7
3424	18.7
3425	18.8
3426	18.8
3427	18.8
3428	18.8
3429	18.9
3430	18.9
3431	18.8
3432	18.8
3433	19.0
3434	19.0
3435	18.9
3436	18.9
3437	18.9
3438	18.9
3439	18.8
3440	18.8
3441	18.8
3442	18.8
3443	18.8
3444	18.8
3445	18.7
3446	18.8
3447	18.8
3448	18.7
3449	18.8
3450	18.9
3451	18.9
3452	18.9
3453	19.0
3454	19.0
3455	19.1
3456	19.1
3457	19.1
3458	19.3
3459	19.4
3460	19.3
3461	19.4
3462	19.4
3463	19.5
3464	19.5
3465	19.4
3466	19.4
3467	19.5
3468	19.4
3469	19.5
3470	19.5
3471	19.6
3472	19.6
3473	19.6
3474	19.6
3475	19.6
3476	19.6
3477	19.7
3478	19.6
3479	19.6
3480	19.6
3481	19.6
3482	19.6
3483	19.6
3484	19.7
3485	19.7
3486	19.7
3487	19.7
3488	19.8
3489	19.7
3490	19.7
3491	19.7
3492	19.7
3493	19.6
3494	19.7
3495	19.7
3496	19.7
3497	19.7
3498	19.8
3499	19.9
3500	19.9
3501	19.9
3502	20.0
3503	20.1
3504	20.1
3505	20.1
3506	20.1
3507	20.1
3508	20.2
3509	20.2
3510	20.1
3511	20.1
3512	20.1
3513	20.0
3514	20.0
3515	20.1
3516	20.1
3517	20.2
3518	20.2
3519	20.1
3520	20.1
3521	20.0
3522	20.1
3523	20.0
3524	19.9
3525	19.8
3526	19.9
3527	19.8
3528	19.8
3529	19.8
3530	19.9
3531	20.1
3532	20.2
3533	20.3
3534	20.4
3535	20.4
3536	20.5
3537	20.5
3538	20.6
3539	20.7
3540	20.7
3541	20.9
3542	21.0
3543	21.1
3544	21.4
3545	21.5
3546	21.5
3547	21.6
3548	21.6
3549	21.7
3550	21.7
3551	22.1
3552	22.3
3553	22.2
3554	22.1
3555	22.1
3556	22.1
3557	22.0
3558	22.1
3559	22.3
3560	22.3
3561	22.6
3562	22.6
3563	22.3
3564	22.3
3565	22.1
3566	22.1
3567	21.8
3568	21.6
3569	21.6
3570	21.5
3571	21.4
3572	21.4
3573	21.4
3574	21.3
3575	21.5
3576	21.3
3577	21.3
3578	21.3
3579	21.2
3580	21.2
3581	21.2
3582	21.2
3583	21.2
3584	21.1
3585	21.0
3586	21.0
3587	21.0
3588	21.0
3589	20.9
3590	20.9
3591	20.9
3592	20.8
3593	20.8
3594	20.7
3595	20.8
3596	20.7
3597	20.6
3598	20.6
3599	20.6
3600	20.6
3601	20.5
3602	20.5
3603	20.5
3604	20.4
3605	20.3
3606	20.3
3607	20.3
3608	20.2
3609	20.2
3610	20.2
3611	20.2
3612	20.2
3613	20.2
3614	20.2
3615	20.1
3616	20.1
3617	20.1
3618	20.1
3619	20.2
3620	20.2
3621	20.2
3622	20.2
3623	20.2
3624	20.3
3625	20.3
3626	20.3
3627	20.2
3628	20.1
3629	20.1
3630	20.1
3631	20.0
3632	20.0
3633	19.9
3634	19.8
3635	19.5
3636	19.3
3637	19.1
3638	18.8
3639	18.6
3640	18.4
3641	18.4
3642	18.4
3643	18.3
3644	18.2
3645	18.2
3646	18.2
3647	18.2
3648	18.2
3649	18.2
3650	18.4
3651	18.4
3652	18.5
3653	18.4
3654	18.6
3655	18.5
3656	18.5
3657	18.7
3658	18.7
3659	18.8
3660	18.7
3661	18.8
3662	18.9
3663	18.9
3664	19.0
3665	19.0
3666	19.1
3667	19.2
3668	19.2
3669	19.2
3670	19.2
3671	19.2
3672	19.3
3673	19.2
3674	19.4
3675	19.4
3676	19.4
3677	19.5
3678	19.4
3679	19.6
3680	19.6
3681	19.8
3682	19.9
3683	19.9
3684	20.1
3685	20.2
3686	20.3
3687	20.5
3688	20.5
3689	20.6
3690	20.6
3691	20.6
3692	20.7
3693	21.1
3694	21.0
3695	21.0
3696	20.9
3697	20.9
3698	20.8
3699	21.0
3700	20.9
3701	21.0
3702	21.0
3703	21.0
3704	20.9
3705	21.1
3706	21.1
3707	21.0
3708	21.4
3709	21.4
3710	21.6
3711	21.7
3712	21.7
3713	21.7
3714	21.7
3715	21.7
3716	21.5
3717	21.7
3718	21.9
3719	21.9
3720	22.0
3721	21.9
3722	22.0
3723	22.0
3724	21.9
3725	21.8
3726	21.9
3727	22.0
3728	22.1
3729	22.1
3730	22.1
3731	22.0
3732	21.9
3733	21.8
3734	21.8
3735	21.9
3736	21.8
3737	21.6
3738	21.6
3739	21.5
3740	21.4
3741	21.2
3742	21.2
3743	21.2
3744	21.2
3745	21.1
3746	21.0
3747	20.9
3748	20.8
3749	20.7
3750	20.7
3751	20.6
3752	20.5
3753	20.5
3754	20.5
3755	20.5
3756	20.5
3757	20.5
3758	20.5
3759	20.5
3760	20.5
3761	20.5
3762	20.4
3763	20.4
3764	20.4
3765	20.4
3766	20.2
3767	19.9
3768	19.7
3769	19.5
3770	19.5
3771	19.3
3772	19.4
3773	19.3
3774	19.2
3775	19.2
3776	19.2
3777	19.3
3778	19.3
3779	19.3
3780	19.3
3781	19.4
3782	19.4
3783	19.5
3784	19.5
3785	19.5
3786	19.6
3787	19.6
3788	19.6
3789	19.7
3790	19.7
3791	19.9
3792	19.8
3793	19.9
3794	19.9
3795	19.9
3796	19.9
3797	19.8
3798	19.9
3799	19.9
3800	20.0
3801	20.1
3802	20.2
3803	20.2
3804	20.2
3805	20.4
3806	20.3
3807	20.4
3808	20.4
3809	20.5
3810	20.5
3811	20.6
3812	20.7
3813	20.7
3814	20.8
3815	20.9
3816	20.9
3817	20.9
3818	20.9
3819	20.9
3820	20.9
3821	20.8
3822	20.7
3823	20.7
3824	20.6
3825	20.7
3826	20.6
3827	20.6
3828	20.5
3829	20.5
3830	20.6
3831	20.5
3832	20.5
3833	20.5
3834	20.4
3835	20.5
3836	20.4
3837	20.4
3838	20.4
3839	20.3
3840	20.3
3841	20.3
3842	20.3
3843	20.2
3844	20.3
3845	20.3
3846	20.3
3847	20.3
3848	20.2
3849	20.1
3850	20.1
3851	20.1
3852	20.1
3853	20.1
3854	20.1
3855	20.0
3856	20.0
3857	19.9
3858	19.9
3859	19.8
3860	19.8
3861	19.8
3862	19.7
3863	19.7
3864	19.6
3865	19.5
3866	19.5
3867	19.5
3868	19.4
3869	19.4
3870	19.4
3871	19.4
3872	19.3
3873	19.3
3874	19.4
3875	19.3
3876	19.4
3877	19.5
3878	19.5
3879	19.5
3880	19.5
3881	19.5
3882	19.5
3883	19.5
3884	19.5
3885	19.5
3886	19.5
3887	19.6
3888	19.6
3889	19.7
3890	19.6
3891	19.6
3892	19.7
3893	19.7
3894	19.7
3895	19.7
3896	19.8
3897	19.8
3898	19.7
3899	19.7
3900	19.8
3901	19.8
3902	19.8
3903	19.8
3904	19.9
3905	19.8
3906	19.9
3907	19.8
3908	19.8
3909	19.9
3910	19.9
3911	19.9
3912	20.0
3913	19.9
3914	19.9
3915	19.9
3916	19.9
3917	19.9
3918	19.8
3919	19.8
3920	19.7
3921	19.6
3922	19.6
3923	19.6
3924	19.5
3925	19.6
3926	19.5
3927	19.4
3928	19.4
3929	19.4
3930	19.3
3931	19.3
3932	19.2
3933	19.2
3934	19.2
3935	19.1
3936	19.1
3937	19.1
3938	19.2
3939	19.1
3940	19.1
3941	19.1
3942	19.1
3943	19.1
3944	19.1
3945	19.2
3946	19.2
3947	19.2
3948	19.2
3949	19.2
3950	19.2
3951	19.2
3952	19.1
3953	19.2
3954	19.1
3955	19.0
3956	19.2
3957	19.2
3958	19.1
3959	19.2
3960	19.2
3961	19.2
3962	19.1
3963	19.1
3964	19.1
3965	19.1
3966	19.1
3967	19.0
3968	18.9
3969	18.9
3970	18.8
3971	18.8
3972	18.9
3973	18.9
3974	18.9
3975	18.9
3976	18.9
3977	18.9
3978	18.9
3979	18.9
3980	19.0
3981	19.0
3982	19.0
3983	18.9
3984	18.9
3985	18.8
3986	18.8
3987	18.9
3988	18.8
3989	18.7
3990	18.8
3991	18.7
3992	18.7
3993	18.6
3994	18.6
3995	18.7
3996	18.6
3997	18.6
3998	18.6
3999	18.6
4000	18.5
4001	18.6
4002	18.6
4003	18.5
4004	18.5
4005	18.5
4006	18.5
4007	18.4
4008	18.6
4009	18.5
4010	18.5
4011	18.5
4012	18.5
4013	18.5
4014	18.5
4015	18.6
4016	18.5
4017	18.4
4018	18.4
4019	18.4
4020	18.3
4021	18.4
4022	18.4
4023	18.3
4024	18.3
4025	18.4
4026	18.4
4027	18.3
4028	18.3
4029	18.3
4030	18.4
4031	18.3
4032	18.2
4033	18.2
4034	18.2
4035	18.2
4036	18.3
4037	18.3
4038	18.3
4039	18.2
4040	18.2
4041	18.3
4042	18.2
4043	18.2
4044	18.1
4045	18.2
4046	18.1
4047	18.2
4048	18.2
4049	18.2
4050	18.2
4051	18.1
4052	18.2
4053	18.1
4054	18.1
4055	18.1
4056	18.2
4057	18.2
4058	18.2
4059	18.2
4060	18.2
4061	18.2
4062	18.1
4063	18.2
4064	18.1
4065	18.1
4066	18.1
4067	18.1
4068	18.1
4069	18.1
4070	18.1
4071	18.2
4072	18.2
4073	18.1
4074	18.0
4075	18.1
4076	18.1
4077	18.1
4078	18.1
4079	18.0
4080	18.0
4081	18.0
4082	18.0
4083	18.0
4084	18.0
4085	18.0
4086	18.0
4087	18.1
4088	18.0
4089	18.0
4090	18.1
4091	18.1
4092	18.1
4093	18.1
4094	18.0
4095	18.0
4096	18.0
4097	17.9
4098	18.0
4099	17.9
4100	17.9
4101	17.8
4102	17.8
4103	17.7
4104	17.7
4105	17.8
4106	17.7
4107	17.8
4108	17.8
4109	17.7
4110	17.6
4111	17.6
4112	17.7
4113	17.7
4114	17.6
4115	17.6
4116	17.6
4117	17.6
4118	17.6
4119	17.6
4120	17.6
4121	17.5
4122	17.5
4123	17.6
4124	17.7
4125	17.6
4126	17.6
4127	17.5
4128	17.5
4129	17.6
4130	17.5
4131	17.5
4132	17.5
4133	17.4
4134	17.5
4135	17.4
4136	17.4
4137	17.5
4138	17.5
4139	17.5
4140	17.4
4141	17.4
4142	17.5
4143	17.5
4144	17.4
4145	17.4
4146	17.3
4147	17.4
4148	17.4
4149	17.4
4150	17.4
4151	17.3
4152	17.4
4153	17.4
4154	17.5
4155	17.4
4156	17.5
4157	17.4
4158	17.3
4159	17.4
4160	17.4
4161	17.3
4162	17.3
4163	17.4
4164	17.4
4165	17.3
4166	17.3
4167	17.4
4168	17.4
4169	17.4
4170	17.4
4171	17.3
4172	17.3
4173	17.3
4174	17.3
4175	17.3
4176	17.4
4177	17.3
4178	17.3
4179	17.3
4180	17.4
4181	17.3
4182	17.3
4183	17.4
4184	17.3
4185	17.3
4186	17.3
4187	17.3
4188	17.3
4189	17.3
4190	17.3
4191	17.4
4192	17.3
4193	17.3
4194	17.3
4195	17.4
4196	17.3
4197	17.3
4198	17.4
4199	17.3
4200	17.3
4201	17.3
4202	17.3
4203	17.2
4204	17.2
4205	17.3
4206	17.3
4207	17.3
4208	17.3
4209	17.3
4210	17.4
4211	17.3
4212	17.4
4213	17.3
4214	17.3
4215	17.3
4216	17.3
4217	17.3
4218	17.3
4219	17.3
4220	17.3
4221	17.3
4222	17.3
4223	17.3
4224	17.3
4225	17.2
4226	17.2
4227	17.2
4228	17.2
4229	17.2
4230	17.2
4231	17.1
4232	17.2
4233	17.2
4234	17.1
4235	17.1
4236	17.1
4237	17.1
4238	17.1
4239	17.1
4240	17.1
4241	17.1
4242	17.1
4243	17.0
4244	16.9
4245	17.0
4246	17.0
4247	16.9
4248	16.9
4249	17.0
4250	17.0
4251	17.0
4252	16.9
4253	17.0
4254	17.0
4255	16.9
4256	16.9
4257	16.9
4258	16.9
4259	16.9
4260	16.9
4261	16.9
4262	16.9
4263	16.9
4264	16.9
4265	16.9
4266	16.9
4267	16.9
4268	16.9
4269	16.9
4270	16.9
4271	16.9
4272	16.9
4273	16.9
4274	16.9
4275	17.0
4276	16.9
4277	16.9
4278	16.9
4279	17.0
4280	16.9
4281	17.0
4282	17.0
4283	17.0
4284	17.0
4285	17.0
4286	17.0
4287	17.0
4288	17.0
4289	17.0
4290	17.0
4291	16.9
4292	17.0
4293	16.9
4294	17.1
4295	17.0
4296	17.0
4297	16.9
4298	17.0
4299	17.0
4300	17.0
4301	17.0
4302	17.0
4303	17.0
4304	16.9
4305	17.0
4306	16.9
4307	17.0
4308	17.0
4309	16.9
4310	16.9
4311	16.9
4312	16.9
4313	17.0
4314	16.9
4315	16.9
4316	17.0
4317	16.9
4318	16.9
4319	16.9
4320	16.9
4321	17.0
4322	17.0
4323	17.0
4324	16.9
4325	17.0
4326	16.9
4327	16.9
4328	16.9
4329	16.9
4330	16.9
4331	16.9
4332	16.9
4333	17.0
4334	16.9
4335	16.9
4336	16.9
4337	16.9
4338	16.9
4339	16.9
4340	16.9
4341	16.9
4342	16.9
4343	16.9
4344	16.9
4345	16.9
4346	16.9
4347	16.9
4348	16.9
4349	16.8
4350	16.8
4351	16.9
4352	16.9
4353	16.9
4354	16.8
4355	16.8
4356	16.8
4357	16.8
4358	16.8
4359	16.8
4360	16.8
4361	16.8
4362	16.7
4363	16.8
4364	16.8
4365	16.8
4366	16.8
4367	16.8
4368	16.8
4369	16.8
4370	16.7
4371	16.8
4372	16.8
4373	16.8
4374	16.8
4375	16.8
4376	16.8
4377	16.8
4378	16.8
4379	16.8
4380	16.8
4381	16.8
4382	16.8
4383	16.7
4384	16.8
4385	16.8
4386	16.8
4387	16.8
4388	16.8
4389	16.8
4390	16.8
4391	16.8
4392	16.8
4393	16.8
4394	16.8
4395	16.8
4396	16.8
4397	16.8
4398	16.8
4399	16.8
4400	16.8
4401	16.9
4402	16.9
4403	16.8
4404	16.8
4405	16.8
4406	16.8
4407	16.8
4408	16.8
4409	16.8
4410	16.8
4411	16.8
4412	16.8
4413	16.8
4414	16.8
4415	16.8
4416	16.9
4417	16.9
4418	16.8
4419	16.8
4420	16.8
4421	16.8
4422	16.8
4423	16.8
4424	16.8
4425	16.9
4426	16.9
4427	16.9
4428	16.8
4429	16.9
4430	16.9
4431	16.9
4432	16.9
4433	16.8
4434	16.9
4435	16.8
4436	16.8
4437	16.8
4438	16.9
4439	16.9
4440	16.9
4441	16.9
4442	16.9
4443	16.8
4444	16.8
4445	16.9
4446	16.9
4447	16.9
4448	16.8
4449	16.9
4450	16.9
4451	16.9
4452	16.9
4453	16.9
4454	16.8
4455	16.9
4456	16.9
4457	16.9
4458	16.8
4459	16.9
4460	16.9
4461	16.8
4462	16.9
4463	16.9
4464	16.8
4465	16.9
4466	16.9
4467	16.8
4468	16.9
4469	16.9
4470	16.9
4471	16.9
4472	16.9
4473	16.9
4474	16.9
4475	16.9
4476	16.9
4477	16.9
4478	17.0
4479	16.9
4480	16.9
4481	16.9
4482	17.0
4483	17.0
4484	17.0
4485	17.0
4486	17.1
4487	17.0
4488	17.1
4489	17.1
4490	17.1
4491	17.1
4492	17.1
4493	17.1
4494	17.1
4495	17.1
4496	17.1
4497	17.1
4498	17.2
4499	17.2
4500	17.2
4501	17.2
4502	17.2
4503	17.2
4504	17.2
4505	17.2
4506	17.3
4507	17.3
4508	17.3
4509	17.3
4510	17.3
4511	17.4
4512	17.4
4513	17.4
4514	17.4
4515	17.4
4516	17.4
4517	17.4
4518	17.4
4519	17.5
4520	17.5
4521	17.5
4522	17.5
4523	17.5
4524	17.5
4525	17.5
4526	17.6
4527	17.6
4528	17.6
4529	17.6
4530	17.6
4531	17.6
4532	17.6
4533	17.6
4534	17.7
4535	17.7
4536	17.7
4537	17.7
4538	17.7
4539	17.7
4540	17.7
4541	17.7
4542	17.7
4543	17.7
4544	17.7
4545	17.7
4546	17.7
4547	17.7
4548	17.7
4549	17.7
4550	17.7
4551	17.7
4552	17.7
4553	17.7
4554	17.7
4555	17.7
4556	17.7
4557	17.7
4558	17.7
4559	17.7
4560	17.7
4561	17.7
4562	17.7
4563	17.7
4564	17.8
4565	17.8
4566	17.8
4567	17.8
4568	17.7
4569	17.8
4570	17.8
4571	17.8
4572	17.8
4573	17.8
4574	17.8
4575	17.8
4576	17.8
4577	17.8
4578	17.8
4579	17.8
4580	17.7
4581	17.7
4582	17.8
4583	17.8
4584	17.7
4585	17.8
4586	17.8
4587	17.7
4588	17.7
4589	17.7
4590	17.7
4591	17.7
4592	17.7
4593	17.7
4594	17.7
4595	17.7
4596	17.6
4597	17.6
4598	17.6
4599	17.7
4600	17.7
4601	17.7
4602	17.7
4603	17.6
4604	17.6
4605	17.7
4606	17.6
4607	17.6
4608	17.6
4609	17.6
4610	17.6
4611	17.6
4612	17.6
4613	17.5
4614	17.5
4615	17.5
4616	17.5
4617	17.5
4618	17.5
4619	17.5
4620	17.5
4621	17.4
4622	17.4
4623	17.4
4624	17.5
4625	17.5
4626	17.4
4627	17.4
4628	17.4
4629	17.4
4630	17.4
4631	17.4
4632	17.4
4633	17.4
4634	17.4
4635	17.4
4636	17.4
4637	17.4
4638	17.3
4639	17.3
4640	17.3
4641	17.3
4642	17.3
4643	17.3
4644	17.3
4645	17.2
4646	17.2
4647	17.2
4648	17.1
4649	17.0
4650	17.1
4651	17.0
4652	17.0
4653	16.9
4654	16.9
4655	16.9
4656	16.9
4657	16.9
4658	16.9
4659	16.9
4660	16.9
4661	16.9
4662	16.9
4663	16.9
4664	16.9
4665	16.8
4666	16.9
4667	16.9
4668	16.9
4669	16.9
4670	16.8
4671	16.8
4672	16.8
4673	16.8
4674	16.7
4675	16.7
4676	16.7
4677	16.7
4678	16.7
4679	16.7
4680	16.7
4681	16.7
4682	16.7
4683	16.7
4684	16.7
4685	16.7
4686	16.7
4687	16.7
4688	16.6
4689	16.6
4690	16.6
4691	16.6
4692	16.5
4693	16.5
4694	16.4
4695	16.5
4696	16.4
4697	16.5
4698	16.4
4699	16.4
4700	16.4
4701	16.4
4702	16.4
4703	16.4
4704	16.4
4705	16.4
4706	16.4
4707	16.4
4708	16.4
4709	16.3
4710	16.4
4711	16.3
4712	16.3
4713	16.3
4714	16.3
4715	16.3
4716	16.2
4717	16.3
4718	16.2
4719	16.1
4720	16.2
4721	16.2
4722	16.2
4723	16.1
4724	16.2
4725	16.1
4726	16.1
4727	16.1
4728	16.1
4729	16.1
4730	16.1
4731	16.1
4732	16.1
4733	16.1
4734	16.1
4735	16.1
4736	16.1
4737	16.2
4738	16.1
4739	16.1
4740	16.1
4741	16.1
4742	16.1
4743	16.2
4744	16.2
4745	16.2
4746	16.2
4747	16.2
4748	16.2
4749	16.2
4750	16.2
4751	16.2
4752	16.2
4753	16.2
4754	16.2
4755	16.3
4756	16.2
4757	16.3
4758	16.3
4759	16.3
4760	16.3
4761	16.3
4762	16.3
4763	16.3
4764	16.4
4765	16.4
4766	16.4
4767	16.4
4768	16.4
4769	16.4
4770	16.4
4771	16.4
4772	16.4
4773	16.5
4774	16.5
4775	16.4
4776	16.5
4777	16.5
4778	16.5
4779	16.4
4780	16.4
4781	16.5
4782	16.5
4783	16.5
4784	16.4
4785	16.5
4786	16.5
4787	16.5
4788	16.5
4789	16.4
4790	16.4
4791	16.4
4792	16.4
4793	16.4
4794	16.3
4795	16.3
4796	16.4
4797	16.4
4798	16.4
4799	16.4
4800	16.4
4801	16.4
4802	16.4
4803	16.4
4804	16.4
4805	16.4
4806	16.4
4807	16.4
4808	16.4
4809	16.4
4810	16.3
4811	16.4
4812	16.4
4813	16.4
4814	16.5
4815	16.5
4816	16.5
4817	16.5
4818	16.5
4819	16.5
4820	16.5
4821	16.5
4822	16.5
4823	16.6
4824	16.6
4825	16.7
4826	16.8
4827	16.8
4828	16.8
4829	16.8
4830	17.0
4831	17.1
4832	17.1
4833	17.2
4834	17.2
4835	17.2
4836	17.3
4837	17.3
4838	17.4
4839	17.5
4840	17.5
4841	17.5
4842	17.6
4843	17.6
4844	17.7
4845	17.6
4846	17.5
4847	17.5
4848	17.6
4849	17.6
4850	17.7
4851	17.7
4852	17.7
4853	17.7
4854	17.7
4855	17.8
4856	17.9
4857	17.8
4858	18.0
4859	18.0
4860	18.0
4861	18.1
4862	18.0
4863	18.1
4864	18.0
4865	18.0
4866	18.0
4867	18.0
4868	18.0
4869	18.1
4870	18.1
4871	18.1
4872	18.1
4873	18.1
4874	18.1
4875	18.2
4876	18.1
4877	18.1
4878	18.1
4879	18.1
4880	18.1
4881	18.2
4882	18.4
4883	18.4
4884	18.4
4885	18.4
4886	18.5
4887	18.4
4888	18.5
4889	18.5
4890	18.5
4891	18.4
4892	18.4
4893	18.4
4894	18.5
4895	18.6
4896	18.6
4897	18.7
4898	18.7
4899	18.6
4900	18.8
4901	18.8
4902	19.1
4903	19.0
4904	19.0
4905	19.1
4906	18.9
4907	18.9
4908	18.9
4909	18.8
4910	18.7
4911	18.7
4912	18.8
4913	18.7
4914	18.8
4915	18.7
4916	18.8
4917	18.7
4918	18.7
4919	18.8
4920	18.7
4921	18.7
4922	18.8
4923	18.8
4924	18.9
4925	19.0
4926	19.0
4927	19.0
4928	18.9
4929	18.9
4930	18.9
4931	19.0
4932	19.0
4933	19.1
4934	19.3
4935	19.3
4936	19.4
4937	19.4
4938	19.3
4939	19.3
4940	19.3
4941	19.4
4942	19.4
4943	19.4
4944	19.4
4945	19.4
4946	19.3
4947	19.2
4948	19.2
4949	19.4
4950	19.5
4951	19.8
4952	20.2
4953	20.4
4954	20.1
4955	20.1
4956	19.9
4957	19.8
4958	19.6
4959	19.6
4960	19.5
4961	19.6
4962	19.6
4963	19.7
4964	19.9
4965	19.9
4966	19.9
4967	19.9
4968	19.8
4969	19.8
4970	19.7
4971	19.6
4972	19.6
4973	19.4
4974	19.3
4975	19.5
4976	19.6
4977	19.6
4978	19.6
4979	19.6
4980	19.6
4981	19.5
4982	19.4
4983	19.4
4984	19.5
4985	19.9
4986	20.2
4987	20.4
4988	20.5
4989	20.3
4990	20.7
4991	20.8
4992	21.0
4993	20.8
4994	20.7
4995	20.4
4996	20.2
4997	20.1
4998	19.8
4999	19.7
5000	19.7
5001	19.5
5002	19.4
5003	19.4
5004	19.4
5005	19.5
5006	19.5
5007	19.5
5008	19.5
5009	19.5
5010	19.5
5011	19.8
5012	20.4
5013	20.4
5014	20.5
5015	20.9
5016	20.9
5017	20.8
5018	20.8
5019	20.7
5020	20.5
5021	20.4
5022	20.6
5023	20.9
5024	20.8
5025	20.9
5026	20.8
5027	20.7
5028	20.5
5029	20.5
5030	20.4
5031	20.2
5032	20.2
5033	20.3
5034	20.2
5035	20.3
5036	20.5
5037	21.0
5038	21.4
5039	21.8
5040	22.0
5041	22.3
5042	22.1
5043	22.3
5044	22.4
5045	22.2
5046	21.9
5047	21.8
5048	21.7
5049	21.6
5050	21.5
5051	21.5
5052	21.9
5053	22.4
5054	22.6
5055	22.5
5056	22.1
5057	21.9
5058	21.7
5059	21.5
5060	21.5
5061	21.5
5062	21.3
5063	21.6
5064	22.1
5065	22.5
5066	22.9
5067	23.1
5068	22.7
5069	22.7
5070	22.9
5071	22.9
5072	22.7
5073	22.9
5074	22.9
5075	23.2
5076	23.0
5077	23.1
5078	23.0
5079	23.0
5080	23.2
5081	22.9
5082	22.9
5083	23.0
5084	22.3
5085	22.6
5086	22.9
5087	22.8
5088	22.8
5089	22.5
5090	22.5
5091	22.6
5092	22.6
5093	22.9
5094	23.5
5095	23.9
5096	23.9
5097	23.8
5098	24.1
5099	24.3
5100	23.7
5101	23.8
5102	23.6
5103	23.4
5104	23.2
5105	23.1
5106	22.6
5107	22.4
5108	22.2
5109	22.0
5110	21.9
5111	21.7
5112	21.6
5113	21.5
5114	21.3
5115	21.0
5116	21.1
5117	21.1
5118	21.0
5119	21.0
5120	20.9
5121	20.8
5122	20.7
5123	20.7
5124	20.7
5125	20.7
5126	20.6
5127	20.5
5128	20.6
5129	20.6
5130	20.6
5131	20.6
5132	20.6
5133	20.6
5134	20.6
5135	20.7
5136	20.6
5137	20.6
5138	20.6
5139	20.6
5140	20.5
5141	20.5
5142	20.5
5143	20.5
5144	20.5
5145	20.5
5146	20.4
5147	20.4
5148	20.5
5149	20.4
5150	20.3
5151	20.3
5152	20.3
5153	20.2
5154	20.4
5155	20.5
5156	20.6
5157	20.7
5158	20.8
5159	20.8
5160	20.8
5161	21.0
5162	21.1
5163	21.3
5164	21.4
5165	21.3
5166	21.4
5167	21.4
5168	21.3
5169	21.2
5170	21.3
5171	21.3
5172	21.3
5173	21.4
5174	21.2
5175	21.2
5176	21.1
5177	21.0
5178	21.0
5179	20.9
5180	20.7
5181	20.7
5182	20.8
5183	20.8
5184	20.7
5185	20.7
5186	20.8
5187	20.7
5188	20.7
5189	20.6
5190	20.6
5191	20.5
5192	20.4
5193	20.4
5194	20.4
5195	20.3
5196	20.3
5197	20.3
5198	20.3
5199	20.1
5200	19.9
5201	19.9
5202	19.8
5203	19.9
5204	19.7
5205	19.8
5206	19.7
5207	19.8
5208	19.7
5209	19.6
5210	19.6
5211	19.6
5212	19.7
5213	19.6
5214	19.6
5215	19.4
5216	19.4
5217	19.4
5218	19.4
5219	19.3
5220	19.3
5221	19.2
5222	19.2
5223	19.1
5224	19.2
5225	19.2
5226	19.1
5227	19.3
5228	19.0
5229	19.2
5230	19.0
5231	19.1
5232	19.2
5233	19.2
5234	19.1
5235	19.1
5236	19.1
5237	19.1
5238	19.1
5239	18.9
5240	19.0
5241	18.7
5242	18.9
5243	18.8
5244	18.8
5245	18.9
5246	18.7
5247	18.8
5248	18.7
5249	18.8
5250	18.9
5251	18.8
5252	18.8
5253	18.8
5254	18.9
5255	18.9
5256	19.0
5257	18.9
5258	19.0
5259	18.9
5260	18.8
5261	18.8
5262	18.9
5263	18.9
5264	18.9
5265	18.9
5266	19.0
5267	18.9
5268	19.0
5269	19.0
5270	19.0
5271	19.0
5272	18.9
5273	19.0
5274	18.8
5275	19.0
5276	18.9
5277	19.1
5278	19.2
5279	19.2
5280	19.0
5281	19.1
5282	19.1
5283	19.3
5284	19.2
5285	19.3
5286	19.3
5287	19.4
5288	19.4
5289	19.5
5290	19.5
5291	19.5
5292	19.4
5293	19.5
5294	19.5
5295	19.6
5296	19.8
5297	19.8
5298	19.9
5299	19.8
5300	19.9
5301	20.0
5302	20.1
5303	20.2
5304	20.2
5305	20.2
5306	20.2
5307	20.2
5308	20.3
5309	20.4
5310	20.3
5311	20.3
5312	20.4
5313	20.2
5314	20.3
5315	20.3
5316	20.3
5317	20.2
5318	20.2
5319	20.2
5320	20.1
5321	20.0
5322	19.9
5323	19.9
5324	19.9
5325	19.9
5326	19.9
5327	19.9
5328	19.9
5329	19.9
5330	19.9
5331	19.9
5332	19.8
5333	19.9
5334	19.9
5335	20.0
5336	20.0
5337	19.9
5338	19.9
5339	19.9
5340	19.9
5341	19.8
5342	19.9
5343	19.8
5344	19.8
5345	19.6
5346	19.6
5347	19.6
5348	19.6
5349	19.6
5350	19.6
5351	19.6
5352	19.6
5353	19.5
5354	19.5
5355	19.4
5356	19.4
5357	19.3
5358	19.3
5359	19.3
5360	19.1
5361	19.1
5362	19.0
5363	19.0
5364	19.0
5365	19.2
5366	19.1
5367	19.1
5368	19.0
5369	19.0
5370	18.9
5371	18.9
5372	18.8
5373	18.8
5374	18.7
5375	18.8
5376	18.7
5377	18.7
5378	18.7
5379	18.7
5380	18.7
5381	18.7
5382	18.8
5383	18.7
5384	18.7
5385	18.8
5386	18.9
5387	18.9
5388	18.8
5389	19.0
5390	19.0
5391	19.0
5392	19.1
5393	19.1
5394	19.1
5395	19.2
5396	19.3
5397	19.3
5398	19.3
5399	19.4
5400	19.4
5401	19.5
5402	19.4
5403	19.4
5404	19.3
5405	19.3
5406	19.3
5407	19.3
5408	19.3
5409	19.2
5410	19.3
5411	19.3
5412	19.3
5413	19.2
5414	19.3
5415	19.2
5416	19.2
5417	19.1
5418	19.1
5419	19.2
5420	19.2
5421	19.2
5422	19.2
5423	19.2
5424	19.2
5425	19.3
5426	19.1
5427	19.2
5428	19.1
5429	19.1
5430	19.1
5431	19.1
5432	19.1
5433	19.1
5434	19.1
5435	19.0
5436	19.0
5437	19.1
5438	19.1
5439	19.0
5440	19.1
5441	19.1
5442	19.1
5443	19.1
5444	19.1
5445	19.0
5446	19.1
5447	19.2
5448	19.1
5449	19.1
5450	19.2
5451	19.0
5452	19.0
5453	19.1
5454	19.1
5455	19.1
5456	19.1
5457	19.1
5458	19.1
5459	19.2
5460	19.1
5461	19.1
5462	19.1
5463	19.2
5464	19.3
5465	19.1
5466	19.1
5467	19.2
5468	19.2
5469	19.1
5470	19.2
5471	19.2
5472	19.2
5473	19.3
5474	19.3
5475	19.3
5476	19.3
5477	19.4
5478	19.3
5479	19.4
5480	19.4
5481	19.3
5482	19.2
5483	19.3
5484	19.3
5485	19.2
5486	19.3
5487	19.3
5488	19.3
5489	19.3
5490	19.3
5491	19.2
5492	19.2
5493	19.3
5494	19.3
5495	19.3
5496	19.3
5497	19.3
5498	19.3
5499	19.3
5500	19.3
5501	19.3
5502	19.4
5503	19.4
5504	19.4
5505	19.4
5506	19.5
5507	19.5
5508	19.5
5509	19.5
5510	19.6
5511	19.5
5512	19.5
5513	19.6
5514	19.6
5515	19.6
5516	19.6
5517	19.6
5518	19.6
5519	19.5
5520	19.5
5521	19.4
5522	19.4
5523	19.4
5524	19.4
5525	19.3
5526	19.4
5527	19.3
5528	19.3
5529	19.2
5530	19.3
5531	19.2
5532	19.2
5533	19.2
5534	19.2
5535	19.2
5536	19.1
5537	19.2
5538	19.1
5539	19.1
5540	19.2
5541	19.2
5542	19.2
5543	19.2
5544	19.2
5545	19.1
5546	19.1
5547	19.0
5548	19.1
5549	18.9
5550	18.9
5551	19.0
5552	18.9
5553	18.9
5554	18.9
5555	18.9
5556	18.8
5557	18.8
5558	18.7
5559	18.7
5560	18.6
5561	18.7
5562	18.7
5563	18.7
5564	18.6
5565	18.6
5566	18.7
5567	18.6
5568	18.6
5569	18.5
5570	18.5
5571	18.4
5572	18.5
5573	18.5
5574	18.4
5575	18.5
5576	18.4
5577	18.4
5578	18.4
5579	18.4
5580	18.4
5581	18.3
5582	18.3
5583	18.3
5584	18.2
5585	18.2
5586	18.1
5587	18.1
5588	18.1
5589	18.1
5590	18.1
5591	18.1
5592	18.1
5593	18.0
5594	18.0
5595	18.0
5596	18.0
5597	18.0
5598	17.9
5599	17.8
5600	17.8
5601	17.8
5602	17.8
5603	17.8
5604	17.8
5605	17.7
5606	17.7
5607	17.8
5608	17.7
5609	17.7
5610	17.7
5611	17.7
5612	17.6
5613	17.6
5614	17.6
5615	17.6
5616	17.5
5617	17.5
5618	17.5
5619	17.4
5620	17.4
5621	17.4
5622	17.3
5623	17.3
5624	17.3
5625	17.2
5626	17.2
5627	17.2
5628	17.1
5629	17.1
5630	17.0
5631	17.0
5632	16.9
5633	16.9
5634	17.0
5635	17.0
5636	16.9
5637	16.9
5638	16.9
5639	16.9
5640	17.0
5641	17.0
5642	17.0
5643	17.0
5644	17.0
5645	17.0
5646	16.9
5647	16.8
5648	16.9
5649	16.9
5650	16.9
5651	16.9
5652	16.9
5653	16.9
5654	16.9
5655	16.9
5656	16.9
5657	16.9
5658	16.9
5659	16.9
5660	16.8
5661	16.8
5662	16.8
5663	16.8
5664	16.8
5665	16.8
5666	16.8
5667	16.8
5668	16.9
5669	16.8
5670	16.9
5671	16.9
5672	16.9
5673	16.9
5674	16.9
5675	17.0
5676	17.1
5677	17.1
5678	17.1
5679	17.2
5680	17.2
5681	17.3
5682	17.3
5683	17.4
5684	17.4
5685	17.3
5686	17.4
5687	17.4
5688	17.5
5689	17.5
5690	17.6
5691	17.6
5692	17.7
5693	17.6
5694	17.6
5695	17.6
5696	17.6
5697	17.7
5698	17.6
5699	17.5
5700	17.6
5701	17.5
5702	17.6
5703	17.5
5704	17.5
5705	17.4
5706	17.4
5707	17.3
5708	17.3
5709	17.3
5710	17.3
5711	17.3
5712	17.3
5713	17.3
5714	17.4
5715	17.5
5716	17.5
5717	17.5
5718	17.5
5719	17.5
5720	17.5
5721	17.5
5722	17.4
5723	17.5
5724	17.5
5725	17.5
5726	17.5
5727	17.5
5728	17.5
5729	17.5
5730	17.5
5731	17.5
5732	17.5
5733	17.4
5734	17.4
5735	17.4
5736	17.3
5737	17.3
5738	17.3
5739	17.2
5740	17.2
5741	17.2
5742	17.2
5743	17.2
5744	17.1
5745	17.1
5746	17.1
5747	17.0
5748	16.9
5749	16.9
5750	16.9
5751	16.8
5752	16.8
5753	16.8
5754	16.7
5755	16.8
5756	16.8
5757	16.7
5758	16.7
5759	16.7
5760	16.7
5761	16.8
5762	16.7
5763	16.7
5764	16.7
5765	16.6
5766	16.6
5767	16.5
5768	16.6
5769	16.5
5770	16.6
5771	16.5
5772	16.5
5773	16.5
5774	16.5
5775	16.5
5776	16.5
5777	16.4
5778	16.5
5779	16.4
5780	16.4
5781	16.3
5782	16.3
5783	16.3
5784	16.2
5785	16.2
5786	16.3
5787	16.3
5788	16.3
5789	16.3
5790	16.2
5791	16.2
5792	16.1
5793	16.1
5794	16.2
5795	16.1
5796	16.2
5797	16.2
5798	16.2
5799	16.1
5800	16.1
5801	16.0
5802	16.0
5803	16.0
5804	16.0
5805	16.0
5806	16.0
5807	16.0
5808	15.9
5809	15.9
5810	16.0
5811	15.8
5812	15.9
5813	15.8
5814	15.8
5815	15.8
5816	15.8
5817	15.8
5818	15.7
5819	15.7
5820	15.7
5821	15.7
5822	15.6
5823	15.6
5824	15.6
5825	15.6
5826	15.6
5827	15.6
5828	15.6
5829	15.6
5830	15.5
5831	15.6
5832	15.6
5833	15.5
5834	15.5
5835	15.4
5836	15.5
5837	15.4
5838	15.4
5839	15.5
5840	15.3
5841	15.3
5842	15.3
5843	15.3
5844	15.3
5845	15.3
5846	15.3
5847	15.3
5848	15.3
5849	15.3
5850	15.3
5851	15.3
5852	15.3
5853	15.2
5854	15.2
5855	15.2
5856	15.2
5857	15.2
5858	15.2
5859	15.2
5860	15.2
5861	15.2
5862	15.2
5863	15.2
5864	15.2
5865	15.1
5866	15.0
5867	15.1
5868	15.1
5869	15.1
5870	15.0
5871	15.1
5872	15.0
5873	15.0
5874	15.0
5875	15.1
5876	15.0
5877	15.0
5878	15.0
5879	15.0
5880	15.0
5881	15.0
5882	14.9
5883	14.8
5884	14.9
5885	14.9
5886	14.8
5887	14.8
5888	14.8
5889	14.8
5890	14.8
5891	14.8
5892	14.7
5893	14.7
5894	14.7
5895	14.6
5896	14.6
5897	14.5
5898	14.5
5899	14.5
5900	14.4
5901	14.4
5902	14.4
5903	14.4
5904	14.4
5905	14.4
5906	14.4
5907	14.3
5908	14.3
5909	14.3
5910	14.2
5911	14.2
5912	14.2
5913	14.2
5914	14.2
5915	14.2
5916	14.2
5917	14.1
5918	14.0
5919	14.0
5920	14.0
5921	13.9
5922	14.0
5923	14.0
5924	14.0
5925	14.1
5926	14.0
5927	14.0
5928	14.0
5929	13.9
5930	13.9
5931	13.9
5932	13.8
5933	13.8
5934	13.7
5935	13.7
5936	13.7
5937	13.6
5938	13.6
5939	13.6
5940	13.6
5941	13.6
5942	13.5
5943	13.5
5944	13.5
5945	13.5
5946	13.4
5947	13.4
5948	13.4
5949	13.4
5950	13.4
5951	13.3
5952	13.3
5953	13.4
5954	13.3
5955	13.3
5956	13.3
5957	13.2
5958	13.3
5959	13.2
5960	13.2
5961	13.2
5962	13.2
5963	13.2
5964	13.2
5965	13.1
5966	13.2
5967	13.2
5968	13.1
5969	13.1
5970	13.1
5971	13.1
5972	13.0
5973	12.9
5974	13.0
5975	12.9
5976	12.9
5977	12.9
5978	12.9
5979	12.9
5980	12.8
5981	12.8
5982	12.8
5983	12.8
5984	12.8
5985	12.8
5986	12.8
5987	12.8
5988	12.8
5989	12.8
5990	12.8
5991	12.8
5992	12.8
5993	12.8
5994	12.8
5995	12.7
5996	12.8
5997	12.7
5998	12.7
5999	12.7
6000	12.8
6001	12.7
6002	12.7
6003	12.7
6004	12.7
6005	12.7
6006	12.7
6007	12.7
6008	12.7
6009	12.7
6010	12.6
6011	12.6
6012	12.6
6013	12.5
6014	12.5
6015	12.5
6016	12.5
6017	12.4
6018	12.4
6019	12.4
6020	12.4
6021	12.4
6022	12.4
6023	12.4
6024	12.4
6025	12.3
6026	12.4
6027	12.4
6028	12.4
6029	12.4
6030	12.4
6031	12.3
6032	12.3
6033	12.3
6034	12.3
6035	12.3
6036	12.3
6037	12.3
6038	12.3
6039	12.3
6040	12.2
6041	12.2
6042	12.2
6043	12.2
6044	12.2
6045	12.2
6046	12.1
6047	12.2
6048	12.1
6049	12.1
6050	12.1
6051	12.0
6052	12.1
6053	12.0
6054	12.0
6055	12.0
6056	12.1
6057	12.1
6058	12.1
6059	12.0
6060	12.1
6061	12.1
6062	12.1
6063	12.1
6064	12.0
6065	12.1
6066	12.0
6067	12.0
6068	12.0
6069	12.1
6070	12.1
6071	12.0
6072	12.0
6073	12.1
6074	12.0
6075	12.0
6076	12.0
6077	12.1
6078	12.1
6079	12.2
6080	12.1
6081	12.1
6082	12.2
6083	12.2
6084	12.1
6085	12.2
6086	12.2
6087	12.2
6088	12.3
6089	12.4
6090	12.4
6091	12.4
6092	12.4
6093	12.4
6094	12.5
6095	12.5
6096	12.5
6097	12.6
6098	12.7
6099	12.7
6100	12.7
6101	12.7
6102	12.8
6103	12.8
6104	12.9
6105	12.9
6106	12.9
6107	13.0
6108	13.0
6109	13.0
6110	13.0
6111	13.1
6112	13.1
6113	13.1
6114	13.1
6115	13.2
6116	13.2
6117	13.2
6118	13.2
6119	13.2
6120	13.2
6121	13.3
6122	13.3
6123	13.4
6124	13.3
6125	13.4
6126	13.4
6127	13.5
6128	13.5
6129	13.5
6130	13.5
6131	13.5
6132	13.6
6133	13.6
6134	13.7
6135	13.7
6136	13.7
6137	13.7
6138	13.8
6139	13.8
6140	13.8
6141	13.9
6142	13.9
6143	13.9
6144	14.0
6145	14.0
6146	14.0
6147	14.0
6148	14.0
6149	14.1
6150	14.1
6151	14.2
6152	14.2
6153	14.2
6154	14.2
6155	14.2
6156	14.3
6157	14.3
6158	14.3
6159	14.4
6160	14.4
6161	14.4
6162	14.4
6163	14.4
6164	14.5
6165	14.5
6166	14.4
6167	14.5
6168	14.6
6169	14.6
6170	14.6
6171	14.7
6172	14.7
6173	14.8
6174	14.8
6175	14.7
6176	14.8
6177	14.8
6178	14.9
6179	14.9
6180	14.9
6181	15.0
6182	15.0
6183	15.0
6184	15.0
6185	15.1
6186	15.1
6187	15.1
6188	15.2
6189	15.2
6190	15.3
6191	15.3
6192	15.3
6193	15.4
6194	15.4
6195	15.4
6196	15.4
6197	15.4
6198	15.4
6199	15.5
6200	15.5
6201	15.5
6202	15.6
6203	15.6
6204	15.5
6205	15.5
6206	15.6
6207	15.6
6208	15.7
6209	15.7
6210	15.7
6211	15.7
6212	15.8
6213	15.7
6214	15.7
6215	15.7
6216	15.8
6217	15.8
6218	16.1
6219	16.0
6220	16.1
6221	16.1
6222	16.1
6223	16.0
6224	16.3
6225	16.2
6226	16.2
6227	16.1
6228	16.2
6229	16.3
6230	16.2
6231	16.2
6232	16.2
6233	16.2
6234	16.2
6235	16.3
6236	16.5
6237	16.4
6238	16.5
6239	16.4
6240	16.6
6241	16.6
6242	16.6
6243	16.6
6244	16.6
6245	16.6
6246	16.5
6247	16.5
6248	16.8
6249	16.9
6250	16.8
6251	16.8
6252	16.8
6253	16.7
6254	16.7
6255	16.8
6256	16.9
6257	16.8
6258	17.0
6259	16.9
6260	16.9
6261	16.9
6262	16.8
6263	16.8
6264	17.0
6265	17.1
6266	17.0
6267	16.9
6268	16.9
6269	17.1
6270	17.3
6271	17.3
6272	17.3
6273	17.5
6274	17.5
6275	17.7
6276	17.8
6277	17.8
6278	17.6
6279	17.6
6280	17.4
6281	17.6
6282	17.7
6283	17.7
6284	17.9
6285	17.8
6286	17.9
6287	17.8
6288	17.8
6289	17.9
6290	18.0
6291	17.9
6292	17.8
6293	17.7
6294	17.7
6295	17.9
6296	17.9
6297	17.9
6298	17.8
6299	17.8
6300	17.7
6301	17.8
6302	17.8
6303	18.1
6304	18.0
6305	17.8
6306	17.8
6307	18.1
6308	18.2
6309	18.1
6310	17.9
6311	17.9
6312	18.0
6313	18.1
6314	18.0
6315	17.9
6316	17.9
6317	18.0
6318	17.9
6319	18.1
6320	17.9
6321	17.8
6322	17.7
6323	17.7
6324	17.8
6325	18.0
6326	18.0
6327	18.3
6328	18.3
6329	18.2
6330	18.2
6331	18.1
6332	18.2
6333	18.1
6334	18.1
6335	18.1
6336	18.0
6337	18.1
6338	18.1
6339	18.4
6340	18.3
6341	18.5
6342	18.6
6343	18.5
6344	18.6
6345	19.1
6346	19.0
6347	18.9
6348	18.6
6349	19.0
6350	19.0
6351	19.2
6352	19.0
6353	19.1
6354	19.2
6355	19.2
6356	19.3
6357	19.3
6358	19.5
6359	19.2
6360	19.3
6361	19.3
6362	19.4
6363	19.5
6364	19.4
6365	19.7
6366	20.1
6367	19.9
6368	19.6
6369	19.7
6370	19.7
6371	20.0
6372	20.1
6373	20.2
6374	20.1
6375	20.4
6376	20.0
6377	20.1
6378	20.0
6379	20.1
6380	20.0
6381	19.7
6382	19.8
6383	19.8
6384	19.8
6385	19.8
6386	19.7
6387	19.4
6388	19.2
6389	19.2
6390	19.5
6391	19.8
6392	20.0
6393	20.2
6394	20.1
6395	20.1
6396	20.1
6397	19.7
6398	19.9
6399	20.0
6400	20.2
6401	20.3
6402	20.6
6403	20.6
6404	20.6
6405	20.5
6406	20.9
6407	20.9
6408	20.8
6409	20.8
6410	20.9
6411	21.1
6412	21.1
6413	21.3
6414	21.3
6415	21.0
6416	21.4
6417	21.5
6418	21.4
6419	21.4
6420	21.5
6421	21.1
6422	21.4
6423	21.6
6424	21.6
6425	21.8
6426	21.7
6427	21.2
6428	21.6
6429	21.3
6430	21.7
6431	21.9
6432	22.0
6433	21.8
6434	21.9
6435	21.9
6436	21.8
6437	21.7
6438	21.9
6439	21.9
6440	21.8
6441	21.7
6442	21.5
6443	21.6
6444	21.9
6445	21.7
6446	22.2
6447	22.1
6448	21.9
6449	22.1
6450	22.0
6451	22.0
6452	22.6
6453	22.6
6454	22.2
6455	22.1
6456	22.4
6457	22.1
6458	22.5
6459	22.6
6460	22.5
6461	22.5
6462	22.5
6463	22.5
6464	22.6
6465	22.5
6466	22.5
6467	22.1
6468	22.2
6469	22.6
6470	22.7
6471	23.0
6472	23.1
6473	22.8
6474	23.1
6475	23.0
6476	22.8
6477	23.3
6478	23.3
6479	22.8
6480	22.9
6481	23.2
6482	23.4
6483	23.5
6484	23.4
6485	23.1
6486	22.9
6487	22.8
6488	22.5
6489	22.0
6490	22.1
6491	22.5
6492	23.0
6493	23.3
6494	23.5
6495	23.6
6496	23.6
6497	24.0
6498	24.0
6499	23.6
6500	23.5
6501	23.2
6502	23.4
6503	23.5
6504	23.4
6505	23.8
6506	23.9
6507	23.6
6508	23.6
6509	24.0
6510	23.8
6511	23.9
6512	23.5
6513	24.1
6514	23.9
6515	23.7
6516	23.5
6517	23.5
6518	23.6
6519	24.1
6520	24.0
6521	23.7
6522	24.4
6523	23.8
6524	23.7
6525	23.7
6526	23.4
6527	23.3
6528	22.7
6529	22.6
6530	22.6
6531	22.4
6532	22.2
6533	22.1
6534	21.9
6535	21.9
6536	22.2
6537	22.4
6538	22.8
6539	23.1
6540	23.6
6541	23.7
6542	23.9
6543	24.5
6544	24.4
6545	24.3
6546	23.9
6547	24.5
6548	24.5
6549	24.6
6550	24.3
6551	24.1
6552	23.7
6553	23.7
6554	23.9
6555	24.3
6556	24.1
6557	24.1
6558	23.6
6559	23.3
6560	23.0
6561	22.9
6562	22.6
6563	22.8
6564	23.2
6565	23.2
6566	23.1
6567	23.4
6568	23.8
6569	23.4
6570	23.8
6571	23.8
6572	24.1
6573	24.0
6574	23.9
6575	23.8
6576	24.2
6577	24.3
6578	24.0
6579	23.7
6580	23.5
6581	23.2
6582	22.9
6583	23.1
6584	23.3
6585	23.4
6586	23.8
6587	23.8
6588	24.2
6589	24.2
6590	24.3
6591	24.4
6592	24.6
6593	24.4
6594	24.1
6595	24.6
6596	24.7
6597	24.6
6598	25.0
6599	24.5
6600	24.7
6601	25.0
6602	25.6
6603	25.6
6604	25.3
6605	24.9
6606	24.8
6607	25.3
6608	24.8
6609	25.0
6610	24.9
6611	24.4
6612	24.2
6613	23.9
6614	24.0
6615	23.7
6616	23.9
6617	23.5
6618	23.5
6619	23.9
6620	23.6
6621	23.9
6622	24.2
6623	24.3
6624	24.3
6625	24.3
6626	24.5
6627	25.0
6628	24.8
6629	24.7
6630	24.2
6631	24.1
6632	24.6
6633	24.9
6634	24.3
6635	24.4
6636	24.2
6637	24.2
6638	24.7
6639	24.9
6640	25.0
6641	25.0
6642	25.0
6643	25.3
6644	25.3
6645	25.2
6646	25.3
6647	25.1
6648	25.0
6649	25.0
6650	25.7
6651	25.6
6652	25.8
6653	25.6
6654	25.4
6655	25.3
6656	25.2
6657	25.4
6658	25.3
6659	25.2
6660	25.5
6661	25.4
6662	25.0
6663	25.2
6664	25.1
6665	24.6
6666	24.9
6667	25.0
6668	24.1
6669	24.7
6670	25.0
6671	25.4
6672	25.4
6673	25.5
6674	25.5
6675	25.7
6676	25.7
6677	25.7
6678	25.7
6679	25.8
6680	25.0
6681	24.1
6682	24.3
6683	24.4
6684	24.8
6685	24.9
6686	25.2
6687	25.4
6688	25.4
6689	25.1
6690	25.0
6691	24.5
6692	24.1
6693	24.5
6694	24.6
6695	24.5
6696	25.0
6697	24.9
6698	25.2
6699	25.2
6700	24.8
6701	24.6
6702	24.7
6703	24.6
6704	24.4
6705	23.9
6706	23.8
6707	24.0
6708	24.5
6709	24.8
6710	25.2
6711	25.3
6712	25.3
6713	25.5
6714	25.7
6715	25.6
6716	25.3
6717	25.2
6718	24.8
6719	24.9
6720	25.3
6721	25.4
6722	25.2
6723	25.3
6724	25.7
6725	25.7
6726	25.7
6727	25.7
6728	25.6
6729	25.7
6730	25.5
6731	25.7
6732	25.8
6733	25.8
6734	25.3
6735	25.2
6736	25.3
6737	25.0
6738	24.9
6739	24.7
6740	24.9
6741	24.6
6742	24.9
6743	25.0
6744	25.1
6745	25.5
6746	25.5
6747	25.6
6748	25.7
6749	25.7
6750	25.7
6751	25.5
6752	25.4
6753	25.7
6754	25.7
6755	25.5
6756	25.5
6757	25.3
6758	25.4
6759	25.1
6760	25.1
6761	24.7
6762	24.8
6763	24.8
6764	24.8
6765	25.0
6766	25.0
6767	24.7
6768	24.7
6769	24.4
6770	24.5
6771	24.7
6772	24.5
6773	24.8
6774	25.0
6775	25.0
6776	24.8
6777	24.9
6778	24.8
6779	24.7
6780	25.0
6781	25.1
6782	25.2
6783	25.3
6784	25.2
6785	25.1
6786	25.1
6787	25.1
6788	25.0
6789	24.9
6790	24.8
6791	24.7
6792	24.6
6793	24.6
6794	24.4
6795	24.4
6796	24.3
6797	24.2
6798	24.1
6799	24.4
6800	24.4
6801	24.5
6802	24.5
6803	24.5
6804	24.6
6805	24.5
6806	24.6
6807	24.7
6808	24.7
6809	24.7
6810	24.7
6811	24.7
6812	24.5
6813	24.5
6814	24.5
6815	24.5
6816	24.4
6817	24.4
6818	24.4
6819	24.5
6820	24.5
6821	24.4
6822	24.5
6823	24.4
6824	24.6
6825	24.6
6826	24.4
6827	24.5
6828	24.5
6829	24.6
6830	24.7
6831	24.6
6832	24.5
6833	24.5
6834	24.4
6835	24.4
6836	24.6
6837	24.6
6838	24.5
6839	24.5
6840	24.6
6841	24.5
6842	24.3
6843	24.2
6844	24.3
6845	24.1
6846	24.1
6847	24.0
6848	24.1
6849	24.2
6850	24.4
6851	24.2
6852	24.2
6853	24.2
6854	24.3
6855	24.2
6856	24.2
6857	24.2
6858	24.0
6859	24.0
6860	24.1
6861	24.1
6862	24.1
6863	24.0
6864	24.0
6865	23.9
6866	24.0
6867	24.0
6868	24.0
6869	24.0
6870	24.0
6871	24.1
6872	24.0
6873	24.0
6874	24.0
6875	24.0
6876	24.0
6877	24.0
6878	24.1
6879	24.0
6880	23.9
6881	23.9
6882	23.9
6883	23.9
6884	23.9
6885	23.9
6886	23.8
6887	23.8
6888	23.8
6889	23.9
6890	23.8
6891	23.9
6892	23.7
6893	23.7
6894	23.7
6895	23.8
6896	23.7
6897	23.8
6898	23.9
6899	23.8
6900	23.9
6901	23.8
6902	23.8
6903	23.8
6904	23.8
6905	23.8
6906	23.8
6907	23.7
6908	23.8
6909	23.6
6910	23.7
6911	23.7
6912	23.8
6913	23.7
6914	23.7
6915	23.5
6916	23.6
6917	23.5
6918	23.5
6919	23.5
6920	23.4
6921	23.4
6922	23.5
6923	23.4
6924	23.4
6925	23.3
6926	23.3
6927	23.3
6928	23.3
6929	23.3
6930	23.3
6931	23.3
6932	23.4
6933	23.3
6934	23.2
6935	23.3
6936	23.2
6937	23.3
6938	23.2
6939	23.2
6940	23.2
6941	23.2
6942	23.2
6943	23.2
6944	23.2
6945	23.2
6946	23.2
6947	23.2
6948	23.2
6949	23.2
6950	23.2
6951	23.0
6952	23.0
6953	23.0
6954	23.0
6955	22.9
6956	23.0
6957	22.9
6958	22.9
6959	22.8
6960	22.9
6961	22.9
6962	22.8
6963	22.9
6964	22.9
6965	22.8
6966	22.8
6967	22.8
6968	22.8
6969	22.6
6970	22.6
6971	22.5
6972	22.4
6973	22.4
6974	22.4
6975	22.4
6976	22.3
6977	22.3
6978	22.2
6979	22.4
6980	22.4
6981	22.3
6982	22.4
6983	22.4
6984	22.4
6985	22.4
6986	22.2
6987	22.3
6988	22.2
6989	22.2
6990	22.1
6991	22.1
6992	22.0
6993	22.0
6994	21.9
6995	21.9
6996	21.9
6997	21.9
6998	21.8
6999	21.8
7000	21.9
7001	21.8
7002	21.7
7003	21.6
7004	21.6
7005	21.6
7006	21.5
7007	21.6
7008	21.6
7009	21.5
7010	21.4
7011	21.4
7012	21.3
7013	21.3
7014	21.2
7015	21.1
7016	21.1
7017	21.0
7018	20.9
7019	21.0
7020	20.9
7021	20.9
7022	20.8
7023	20.8
7024	20.8
7025	20.8
7026	20.7
7027	20.7
7028	20.6
7029	20.6
7030	20.6
7031	20.6
7032	20.6
7033	20.5
7034	20.5
7035	20.5
7036	20.6
7037	20.5
7038	20.5
7039	20.5
7040	20.4
7041	20.3
7042	20.4
7043	20.4
7044	20.4
7045	20.4
7046	20.3
7047	20.5
7048	20.7
7049	20.5
7050	20.5
7051	20.4
7052	20.2
7053	20.2
7054	20.2
7055	20.1
7056	20.0
7057	20.0
7058	20.0
7059	20.0
7060	20.0
7061	20.0
7062	19.9
7063	19.9
7064	19.9
7065	19.8
7066	19.8
7067	19.8
7068	19.7
7069	19.7
7070	19.6
7071	19.6
7072	19.7
7073	19.7
7074	19.6
7075	19.6
7076	19.7
7077	19.7
7078	19.7
7079	19.6
7080	19.6
7081	19.6
7082	19.6
7083	19.6
7084	19.6
7085	19.6
7086	19.6
7087	19.6
7088	19.5
7089	19.6
7090	19.6
7091	19.5
7092	19.5
7093	19.5
7094	19.5
7095	19.4
7096	19.4
7097	19.5
7098	19.5
7099	19.4
7100	19.4
7101	19.4
7102	19.5
7103	19.6
7104	19.5
7105	19.5
7106	19.5
7107	19.6
7108	19.5
7109	19.4
7110	19.4
7111	19.4
7112	19.4
7113	19.3
7114	19.3
7115	19.3
7116	19.3
7117	19.3
7118	19.3
7119	19.3
7120	19.3
7121	19.3
7122	19.3
7123	19.3
7124	19.3
7125	19.2
7126	19.2
7127	19.2
7128	19.2
7129	19.2
7130	19.2
7131	19.1
7132	19.2
7133	19.2
7134	19.1
7135	19.1
7136	19.1
7137	19.2
7138	19.1
7139	19.3
7140	19.2
7141	19.3
7142	19.5
7143	19.5
7144	19.5
7145	19.5
7146	19.4
7147	19.4
7148	19.3
7149	19.2
7150	19.2
7151	19.3
7152	19.3
7153	19.2
7154	19.4
7155	19.5
7156	19.6
7157	19.6
7158	19.6
7159	19.7
7160	19.8
7161	19.6
7162	19.6
7163	19.8
7164	19.6
7165	19.7
7166	19.8
7167	19.6
7168	19.8
7169	19.7
7170	19.7
7171	19.8
7172	19.9
7173	20.0
7174	20.0
7175	20.0
7176	20.1
7177	20.2
7178	20.2
7179	20.2
7180	20.2
7181	20.3
7182	20.3
7183	20.3
7184	20.3
7185	20.4
7186	20.3
7187	20.3
7188	20.3
7189	20.3
7190	20.3
7191	20.3
7192	20.3
7193	20.3
7194	20.4
7195	20.3
7196	20.3
7197	20.3
7198	20.4
7199	20.4
7200	20.4
7201	20.4
7202	20.5
7203	20.5
7204	20.5
7205	20.5
7206	20.6
7207	20.6
7208	20.5
7209	20.5
7210	20.5
7211	20.5
7212	20.5
7213	20.6
7214	20.6
7215	20.6
7216	20.7
7217	20.6
7218	20.6
7219	20.7
7220	20.6
7221	20.6
7222	20.6
7223	20.6
7224	20.5
7225	20.6
7226	20.5
7227	20.5
7228	20.5
7229	20.5
7230	20.4
7231	20.5
7232	20.5
7233	20.5
7234	20.5
7235	20.5
7236	20.5
7237	20.5
7238	20.4
7239	20.4
7240	20.4
7241	20.4
7242	20.4
7243	20.4
7244	20.4
7245	20.3
7246	20.4
7247	20.3
7248	20.3
7249	20.3
7250	20.3
7251	20.4
7252	20.4
7253	20.3
7254	20.3
7255	20.3
7256	20.2
7257	20.2
7258	20.1
7259	20.1
7260	20.2
7261	20.2
7262	20.1
7263	20.1
7264	20.1
7265	20.1
7266	20.1
7267	20.1
7268	20.1
7269	20.1
7270	20.1
7271	20.1
7272	20.1
7273	20.0
7274	20.0
7275	20.0
7276	20.0
7277	20.0
7278	20.0
7279	20.0
7280	20.1
7281	20.1
7282	20.1
7283	20.1
7284	20.1
7285	20.1
7286	20.1
7287	20.1
7288	20.1
7289	20.1
7290	20.1
7291	20.1
7292	20.1
7293	20.1
7294	20.0
7295	20.1
7296	20.1
7297	20.1
7298	20.1
7299	20.1
7300	20.1
7301	20.1
7302	20.1
7303	20.1
7304	20.0
7305	20.0
7306	20.0
7307	20.0
7308	20.0
7309	20.0
7310	20.0
7311	19.9
7312	19.8
7313	19.7
7314	19.5
7315	19.4
7316	19.3
7317	19.3
7318	19.1
7319	19.1
7320	19.0
7321	18.9
7322	18.9
7323	18.9
7324	18.7
7325	18.7
7326	18.6
7327	18.6
7328	18.6
7329	18.5
7330	18.4
7331	18.3
7332	18.3
7333	18.3
7334	18.2
7335	18.3
7336	18.1
7337	18.2
7338	18.2
7339	18.2
7340	18.3
7341	18.3
7342	18.3
7343	18.1
7344	18.2
7345	18.1
7346	18.1
7347	18.2
7348	18.1
7349	18.2
7350	18.1
7351	18.0
7352	18.0
7353	18.0
7354	18.1
7355	18.1
7356	18.0
7357	18.1
7358	18.1
7359	18.0
7360	18.0
7361	17.9
7362	18.0
7363	18.0
7364	17.9
7365	17.9
7366	17.9
7367	18.0
7368	17.8
7369	17.9
7370	17.9
7371	18.0
7372	17.9
7373	18.0
7374	17.9
7375	18.0
7376	17.8
7377	17.8
7378	17.9
7379	17.9
7380	17.7
7381	17.7
7382	17.7
7383	17.8
7384	17.7
7385	17.6
7386	17.5
7387	17.6
7388	17.5
7389	17.5
7390	17.5
7391	17.6
7392	17.5
7393	17.5
7394	17.4
7395	17.4
7396	17.5
7397	17.5
7398	17.4
7399	17.4
7400	17.4
7401	17.4
7402	17.3
7403	17.4
7404	17.3
7405	17.3
7406	17.3
7407	17.3
7408	17.3
7409	17.2
7410	17.2
7411	17.2
7412	17.2
7413	17.2
7414	17.2
7415	17.2
7416	17.1
7417	17.1
7418	17.1
7419	17.1
7420	17.1
7421	17.1
7422	17.1
7423	17.1
7424	17.1
7425	17.2
7426	17.1
7427	17.0
7428	17.0
7429	17.2
7430	17.1
7431	17.0
7432	17.0
7433	17.0
7434	17.0
7435	17.0
7436	17.0
7437	16.9
7438	17.0
7439	17.0
7440	16.9
7441	16.9
7442	16.9
7443	16.9
7444	16.9
7445	16.9
7446	16.8
7447	16.9
7448	16.9
7449	16.9
7450	16.9
7451	16.8
7452	16.8
7453	16.8
7454	16.8
7455	16.9
7456	16.8
7457	16.7
7458	16.7
7459	16.7
7460	16.8
7461	16.8
7462	16.8
7463	16.8
7464	16.8
7465	16.7
7466	16.8
7467	16.7
7468	16.8
7469	16.8
7470	16.7
7471	16.8
7472	16.7
7473	16.7
7474	16.7
7475	16.7
7476	16.7
7477	16.7
7478	16.7
7479	16.7
7480	16.6
7481	16.6
7482	16.6
7483	16.5
7484	16.5
7485	16.5
7486	16.5
7487	16.5
7488	16.5
7489	16.5
7490	16.5
7491	16.5
7492	16.5
7493	16.4
7494	16.4
7495	16.5
7496	16.4
7497	16.4
7498	16.4
7499	16.4
7500	16.3
7501	16.3
7502	16.4
7503	16.4
7504	16.3
7505	16.3
7506	16.3
7507	16.3
7508	16.3
7509	16.2
7510	16.3
7511	16.2
7512	16.2
7513	16.2
7514	16.2
7515	16.2
7516	16.2
7517	16.2
7518	16.1
7519	16.1
7520	16.1
7521	16.1
7522	16.1
7523	16.1
7524	16.1
7525	16.1
7526	16.2
7527	16.2
7528	16.2
7529	16.1
7530	16.1
7531	16.1
7532	16.2
7533	16.1
7534	16.1
7535	16.2
7536	16.1
7537	16.2
7538	16.2
7539	16.2
7540	16.2
7541	16.2
7542	16.2
7543	16.1
7544	16.1
7545	16.1
7546	16.1
7547	16.1
7548	16.1
7549	16.2
7550	16.2
7551	16.2
7552	16.2
7553	16.3
7554	16.3
7555	16.3
7556	16.2
7557	16.2
7558	16.2
7559	16.3
7560	16.4
7561	16.3
7562	16.3
7563	16.2
7564	16.3
7565	16.3
7566	16.4
7567	16.4
7568	16.4
7569	16.5
7570	16.5
7571	16.6
7572	16.6
7573	16.6
7574	16.6
7575	16.6
7576	16.5
7577	16.6
7578	16.6
7579	16.5
7580	16.5
7581	16.6
7582	16.6
7583	16.6
7584	16.6
7585	16.6
7586	16.6
7587	16.6
7588	16.7
7589	16.7
7590	16.8
7591	16.7
7592	16.7
7593	16.8
7594	16.8
7595	16.9
7596	16.8
7597	16.8
7598	16.7
7599	16.8
7600	16.9
7601	16.8
7602	16.8
7603	16.9
7604	16.9
7605	16.9
7606	16.9
7607	16.9
7608	16.9
7609	17.0
7610	17.0
7611	17.0
7612	17.0
7613	17.0
7614	16.9
7615	16.9
7616	17.0
7617	17.0
7618	17.0
7619	17.1
7620	17.0
7621	17.0
7622	17.1
7623	17.1
7624	17.1
7625	17.1
7626	17.1
7627	17.2
7628	17.1
7629	17.1
7630	17.2
7631	17.2
7632	17.1
7633	17.1
7634	17.1
7635	17.1
7636	17.1
7637	17.2
7638	17.2
7639	17.1
7640	17.2
7641	17.2
7642	17.2
7643	17.2
7644	17.3
7645	17.3
7646	17.3
7647	17.3
7648	17.3
7649	17.2
7650	17.2
7651	17.0
7652	17.1
7653	17.1
7654	17.1
7655	17.0
7656	17.0
7657	17.0
7658	17.1
7659	17.1
7660	17.0
7661	16.9
7662	17.1
7663	17.1
7664	17.1
7665	17.2
7666	17.1
7667	17.1
7668	17.1
7669	17.1
7670	17.1
7671	17.1
7672	17.1
7673	17.1
7674	17.1
7675	17.1
7676	17.1
7677	17.2
7678	17.2
7679	17.2
7680	17.2
7681	17.2
7682	17.3
7683	17.2
7684	17.2
7685	17.2
7686	17.2
7687	17.2
7688	17.2
7689	17.2
7690	17.2
7691	17.2
7692	17.2
7693	17.4
7694	17.4
7695	17.5
7696	17.6
7697	17.6
7698	17.6
7699	17.7
7700	17.7
7701	17.6
7702	17.7
7703	17.6
7704	17.6
7705	17.6
7706	17.5
7707	17.5
7708	17.6
7709	17.7
7710	17.9
7711	18.1
7712	18.2
7713	18.1
7714	18.2
7715	18.3
7716	18.3
7717	18.2
7718	18.4
7719	18.5
7720	18.7
7721	18.7
7722	18.7
7723	18.8
7724	18.6
7725	18.4
7726	18.3
7727	18.4
7728	18.3
7729	18.3
7730	18.1
7731	18.2
7732	18.1
7733	18.3
7734	18.4
7735	18.4
7736	18.5
7737	18.5
7738	18.7
7739	18.7
7740	18.7
7741	18.8
7742	18.9
7743	19.0
7744	19.1
7745	19.3
7746	19.2
7747	19.1
7748	19.1
7749	18.8
7750	18.7
7751	18.6
7752	18.6
7753	18.5
7754	18.5
7755	18.3
7756	18.3
7757	18.3
7758	18.3
7759	18.4
7760	18.5
7761	18.7
7762	19.0
7763	19.1
7764	19.3
7765	19.4
7766	19.4
7767	19.3
7768	19.5
7769	19.5
7770	19.2
7771	18.8
7772	18.8
7773	18.8
7774	18.8
7775	18.7
7776	18.7
7777	18.7
7778	18.7
7779	18.7
7780	18.8
7781	18.8
7782	18.8
7783	18.8
7784	18.8
7785	18.8
7786	18.8
7787	18.8
7788	18.8
7789	18.8
7790	18.8
7791	18.8
7792	18.8
7793	18.8
7794	18.8
7795	18.8
7796	18.8
7797	18.8
7798	18.8
7799	18.8
7800	18.8
7801	18.8
7802	18.8
7803	18.8
7804	18.9
7805	18.8
7806	18.9
7807	18.9
7808	18.9
7809	18.9
7810	18.9
7811	18.9
7812	18.9
7813	18.9
7814	18.9
7815	18.9
7816	18.9
7817	18.9
7818	18.9
7819	18.9
7820	18.9
7821	18.9
7822	18.9
7823	18.9
7824	18.9
7825	18.9
7826	19.0
7827	19.0
7828	19.0
7829	19.0
7830	19.0
7831	19.0
7832	19.0
7833	19.0
7834	19.0
7835	19.0
7836	19.0
7837	19.0
7838	19.0
7839	19.0
7840	19.0
7841	19.0
7842	19.0
7843	19.0
7844	19.1
7845	19.1
7846	19.1
7847	19.1
7848	19.1
7849	19.1
7850	19.1
7851	19.1
7852	19.1
7853	19.1
7854	19.1
7855	19.1
7856	19.1
7857	19.1
7858	19.1
7859	19.1
7860	19.1
7861	19.1
7862	19.1
7863	19.2
7864	19.2
7865	19.2
7866	19.2
7867	19.2
7868	19.2
7869	19.2
7870	19.2
7871	19.2
7872	19.2
7873	19.2
7874	19.2
7875	19.2
7876	19.2
7877	19.2
7878	19.2
7879	19.3
7880	19.3
7881	19.3
7882	19.3
7883	19.3
7884	19.3
7885	19.3
7886	19.3
7887	19.3
7888	19.3
7889	19.3
7890	19.3
7891	19.3
7892	19.3
7893	19.3
7894	19.3
7895	19.7
7896	20.2
7897	20.7
7898	20.8
7899	21.1
7900	21.4
7901	21.5
7902	21.6
7903	21.4
7904	21.4
7905	21.7
7906	21.9
7907	21.8
7908	22.0
7909	22.1
7910	22.2
7911	22.3
7912	22.4
7913	22.5
7914	22.5
7915	22.6
7916	22.6
7917	22.7
7918	22.7
7919	22.7
7920	22.8
7921	22.5
7922	22.8
7923	22.9
7924	23.0
7925	22.9
7926	23.0
7927	23.1
7928	22.9
7929	22.9
7930	22.7
7931	22.9
7932	23.1
7933	23.1
7934	23.2
7935	23.3
7936	23.4
7937	23.4
7938	23.4
7939	23.4
7940	23.3
7941	23.4
7942	23.5
7943	23.5
7944	23.5
7945	23.6
7946	23.2
7947	23.4
7948	23.5
7949	23.6
7950	23.7
7951	23.5
7952	23.3
7953	23.4
7954	23.4
7955	23.4
7956	23.4
7957	23.5
7958	23.7
7959	23.7
7960	23.6
7961	23.8
7962	23.8
7963	23.8
7964	23.5
7965	23.7
7966	23.7
7967	23.8
7968	23.8
7969	23.8
7970	23.7
7971	23.6
7972	23.8
7973	23.9
7974	23.7
7975	23.9
7976	24.0
7977	24.0
7978	23.7
7979	23.4
7980	23.7
7981	23.7
7982	23.9
7983	24.0
7984	24.0
7985	24.0
7986	23.9
7987	24.0
7988	24.0
7989	24.0
7990	24.1
7991	24.1
7992	23.2
7993	23.5
7994	23.8
7995	23.9
7996	23.7
7997	24.0
7998	24.1
7999	24.1
8000	24.2
8001	24.1
8002	24.2
8003	23.5
8004	23.6
8005	23.9
8006	24.1
8007	24.1
8008	24.2
8009	24.1
8010	24.2
8011	23.9
8012	24.1
8013	24.2
8014	24.3
8015	24.3
8016	24.2
8017	24.3
8018	24.0
8019	24.1
8020	24.3
8021	23.8
8022	24.2
8023	24.3
8024	23.9
8025	24.2
8026	24.3
8027	24.5
8028	24.5
8029	24.5
8030	24.3
8031	24.4
8032	24.5
8033	24.4
8034	24.5
8035	24.5
8036	24.2
8037	24.2
8038	24.1
8039	24.2
8040	24.3
8041	24.5
8042	24.5
8043	24.5
8044	24.1
8045	24.2
8046	24.3
8047	24.4
8048	24.5
8049	24.0
8050	24.1
8051	24.1
8052	24.1
8053	24.3
8054	24.3
8055	24.2
8056	24.3
8057	24.4
8058	24.5
8059	24.5
8060	24.6
8061	24.6
8062	24.5
8063	24.5
8064	24.5
8065	24.4
8066	24.4
8067	24.4
8068	24.5
8069	24.0
8070	24.1
8071	24.1
8072	24.0
8073	24.0
8074	24.1
8075	24.4
8076	24.4
8077	24.5
8078	24.5
8079	23.8
8080	24.1
8081	24.2
8082	24.2
8083	24.2
8084	24.4
8085	24.5
8086	24.4
8087	24.5
8088	24.5
8089	23.5
8090	23.6
8091	23.6
8092	24.1
8093	24.3
8094	23.5
8095	23.9
8096	24.2
8097	24.3
8098	24.4
8099	24.4
8100	24.2
8101	24.3
8102	24.2
8103	24.4
8104	24.5
8105	24.3
8106	23.9
8107	24.1
8108	24.3
8109	24.4
8110	24.3
8111	24.4
8112	24.4
8113	24.4
8114	24.5
8115	23.1
8116	23.7
8117	24.0
8118	23.9
8119	24.1
8120	24.2
8121	24.2
8122	24.4
8123	24.4
8124	24.2
8125	24.4
8126	24.4
8127	24.4
8128	24.5
8129	24.5
8130	24.4
8131	24.5
8132	24.6
8133	24.5
8134	24.3
8135	23.9
8136	24.3
8137	24.4
8138	24.5
8139	24.6
8140	24.5
8141	24.6
8142	24.0
8143	24.3
8144	24.4
8145	24.6
8146	24.6
8147	24.6
8148	24.4
8149	24.6
8150	24.6
8151	24.6
8152	24.6
8153	24.7
8154	24.7
8155	24.7
8156	24.7
8157	24.5
8158	23.9
8159	24.3
8160	24.4
8161	24.5
8162	24.5
8163	24.6
8164	24.6
8165	24.6
8166	24.6
8167	24.7
8168	24.7
8169	24.3
8170	24.0
8171	24.3
8172	24.5
8173	24.5
8174	24.6
8175	24.4
8176	24.4
8177	24.3
8178	24.5
8179	24.3
8180	24.4
8181	24.5
8182	24.5
8183	24.5
8184	24.4
8185	24.4
8186	24.5
8187	24.5
8188	24.6
8189	24.5
8190	24.5
8191	24.5
8192	24.5
8193	24.3
8194	24.4
8195	24.0
8196	24.3
8197	24.5
8198	24.5
8199	24.6
8200	24.6
8201	24.6
8202	24.5
8203	24.4
8204	24.2
8205	24.4
8206	24.5
8207	24.4
8208	24.4
8209	24.5
8210	24.5
8211	24.6
8212	24.6
8213	24.3
8214	24.4
8215	24.5
8216	24.5
8217	24.3
8218	24.4
8219	24.5
8220	24.6
8221	24.6
8222	24.6
8223	24.6
8224	24.6
8225	24.6
8226	24.6
8227	24.6
8228	24.2
8229	24.4
8230	24.3
8231	24.4
8232	24.4
8233	24.5
8234	24.5
8235	24.5
8236	24.5
8237	24.5
8238	24.5
8239	24.3
8240	24.5
8241	24.5
8242	24.3
8243	24.3
8244	24.4
8245	24.3
8246	24.4
8247	24.4
8248	24.5
8249	24.4
8250	24.5
8251	24.5
8252	24.4
8253	24.4
8254	24.4
8255	24.4
8256	24.3
8257	24.3
8258	24.2
8259	24.3
8260	24.4
8261	24.4
8262	24.4
8263	24.3
8264	24.4
8265	24.4
8266	24.4
8267	24.4
8268	24.4
8269	24.3
8270	24.3
8271	24.3
8272	24.3
8273	24.3
8274	24.3
8275	24.3
8276	24.3
8277	24.3
8278	24.3
8279	24.3
8280	24.3
8281	24.3
8282	24.3
8283	24.3
8284	24.2
8285	24.3
8286	24.3
8287	24.3
8288	24.3
8289	24.3
8290	24.1
8291	24.1
8292	24.2
8293	24.2
8294	24.3
8295	24.3
8296	24.2
8297	24.3
8298	24.3
8299	24.3
8300	24.2
8301	24.2
8302	24.2
8303	24.2
8304	24.3
8305	24.2
8306	24.2
8307	24.2
8308	24.2
8309	24.2
8310	24.2
8311	24.2
8312	24.2
8313	24.2
8314	24.2
8315	24.2
8316	24.2
8317	24.2
8318	24.2
8319	24.2
8320	24.2
8321	24.2
8322	24.2
8323	24.2
8324	24.2
8325	24.2
8326	24.2
8327	24.2
8328	24.2
8329	24.2
8330	24.2
8331	24.2
8332	24.2
8333	24.2
8334	24.2
8335	24.2
8336	24.2
8337	24.2
8338	24.1
8339	24.1
8340	24.1
8341	24.1
8342	24.2
8343	24.1
8344	24.1
8345	24.1
8346	24.1
8347	24.1
8348	24.1
8349	24.1
8350	24.1
8351	24.1
8352	24.1
8353	24.1
8354	24.1
8355	24.1
8356	24.1
8357	24.1
8358	24.1
8359	24.1
8360	24.1
8361	24.1
8362	24.1
8363	24.1
8364	24.1
8365	24.1
8366	24.1
8367	24.1
8368	24.1
8369	23.9
8370	23.9
8371	24.0
8372	24.0
8373	24.1
8374	24.0
8375	24.1
8376	24.1
8377	24.1
8378	24.1
8379	24.1
8380	24.1
8381	24.1
8382	24.0
8383	24.0
8384	24.1
8385	24.0
8386	24.1
8387	24.1
8388	24.1
8389	24.1
8390	24.1
8391	24.1
8392	24.1
8393	24.1
8394	24.0
8395	24.0
8396	24.0
8397	24.0
8398	24.0
8399	24.0
8400	24.0
8401	24.0
8402	24.0
8403	24.0
8404	24.0
8405	24.0
8406	24.0
8407	24.0
8408	24.0
8409	24.0
8410	24.0
8411	24.0
8412	24.0
8413	24.0
8414	24.0
8415	24.0
8416	24.0
8417	24.0
8418	24.0
8419	24.0
8420	24.0
8421	24.0
8422	24.0
8423	24.0
8424	24.0
8425	24.0
8426	24.0
8427	24.0
8428	24.0
8429	24.0
8430	24.0
8431	24.0
8432	24.0
8433	24.0
8434	24.0
8435	24.0
8436	24.0
8437	24.0
8438	24.0
8439	24.0
8440	24.0
8441	24.0
8442	24.0
8443	24.0
8444	24.0
8445	24.0
8446	24.0
8447	24.0
8448	24.0
8449	24.0
8450	24.0
8451	24.0
8452	24.0
8453	24.0
8454	24.0
8455	24.0
8456	24.0
8457	24.0
8458	24.0
8459	24.0
8460	24.0
8461	24.0
8462	24.0
8463	24.0
8464	24.0
8465	23.9
8466	23.9
8467	23.9
8468	23.9
8469	23.9
8470	24.0
8471	23.9
8472	23.9
8473	23.9
8474	23.9
8475	23.9
8476	23.9
8477	23.9
8478	23.9
8479	23.9
8480	23.9
8481	23.9
8482	23.9
8483	23.9
8484	23.9
8485	23.9
8486	23.9
8487	23.9
8488	23.9
8489	23.9
8490	23.9
8491	23.9
8492	23.8
8493	23.8
8494	23.8
8495	23.8
8496	23.8
8497	23.8
8498	23.8
8499	23.8
8500	23.8
8501	23.8
8502	23.8
8503	23.8
8504	23.8
8505	23.8
8506	23.8
8507	23.8
8508	23.8
8509	23.7
8510	23.7
8511	23.7
8512	23.7
8513	23.7
8514	23.7
8515	23.7
8516	23.7
8517	23.7
8518	23.7
8519	23.7
8520	23.7
8521	23.7
8522	23.7
8523	23.7
8524	23.7
8525	23.7
8526	23.7
8527	23.7
8528	23.7
8529	23.7
8530	23.7
8531	23.7
8532	23.7
8533	23.7
8534	23.7
8535	23.6
8536	23.6
8537	23.6
8538	23.6
8539	23.6
8540	23.6
8541	23.6
8542	23.6
8543	23.6
8544	23.6
8545	23.6
8546	23.6
8547	23.6
8548	23.6
8549	23.6
8550	23.6
8551	23.6
8552	23.5
8553	23.5
8554	23.5
8555	23.5
8556	23.5
8557	23.4
8558	23.4
8559	23.4
8560	23.4
8561	23.4
8562	23.4
8563	23.3
8564	23.3
8565	23.4
8566	23.3
8567	23.3
8568	23.3
8569	23.3
8570	23.3
8571	23.3
8572	23.3
8573	23.3
8574	23.3
8575	23.2
8576	23.2
8577	23.2
8578	23.2
8579	23.2
8580	23.2
8581	23.1
8582	23.1
8583	23.1
8584	23.1
8585	23.1
8586	23.1
8587	23.1
8588	23.1
8589	23.1
8590	23.0
8591	23.1
8592	23.0
8593	23.0
8594	23.0
8595	23.0
8596	23.0
8597	23.0
8598	23.0
8599	23.0
8600	23.0
8601	23.0
8602	23.0
8603	23.0
8604	23.0
8605	23.0
8606	23.0
8607	22.9
8608	22.9
8609	22.9
8610	22.9
8611	22.9
8612	22.9
8613	22.9
8614	22.9
8615	22.9
8616	22.9
8617	22.9
8618	22.9
8619	22.9
8620	22.9
8621	22.9
8622	22.9
8623	22.9
8624	22.9
8625	22.9
8626	22.9
8627	22.9
8628	22.8
8629	22.9
8630	22.8
8631	22.9
8632	22.8
8633	22.8
8634	22.8
8635	22.8
8636	22.8
8637	22.8
8638	22.8
8639	22.8
8640	22.8
8641	22.8
8642	22.8
8643	22.8
8644	22.8
8645	22.8
8646	22.8
8647	22.9
8648	22.8
8649	22.8
8650	22.9
8651	22.9
8652	22.9
8653	22.9
8654	22.9
8655	22.9
8656	22.8
8657	22.8
8658	22.8
8659	22.8
8660	22.8
8661	22.8
8662	22.8
8663	22.8
8664	22.8
8665	22.8
8666	22.8
8667	22.8
8668	22.8
8669	22.8
8670	22.8
8671	22.7
8672	22.7
8673	22.7
8674	22.8
8675	22.8
8676	22.7
8677	22.8
8678	22.7
8679	22.7
8680	22.7
8681	22.7
8682	22.7
8683	22.7
8684	22.7
8685	22.7
8686	22.7
8687	22.7
8688	22.7
8689	22.7
8690	22.8
8691	22.8
8692	22.7
8693	22.7
8694	22.7
8695	22.7
8696	22.7
8697	22.7
8698	22.7
8699	22.7
8700	22.7
8701	22.7
8702	22.7
8703	22.7
8704	22.7
8705	22.7
8706	22.7
8707	22.7
8708	22.7
8709	22.7
8710	22.7
8711	22.7
8712	22.7
8713	22.7
8714	22.7
8715	22.7
8716	22.7
8717	22.7
8718	22.7
8719	22.7
8720	22.7
8721	22.7
8722	22.7
8723	22.7
8724	22.7
8725	22.7
8726	22.7
8727	22.7
8728	22.7
8729	22.7
8730	22.7
8731	22.7
8732	22.7
8733	22.7
8734	22.7
8735	22.7
8736	22.7
8737	22.7
8738	22.7
8739	22.7
8740	22.7
8741	22.7
8742	22.7
8743	22.7
8744	22.7
8745	22.7
8746	22.7
8747	22.7
8748	22.7
8749	22.7
8750	22.7
8751	22.7
8752	22.7
8753	22.7
8754	22.7
8755	22.7
8756	22.7
8757	22.7
8758	22.7
8759	22.6
8760	22.7
8761	22.6
8762	22.6
8763	22.6
8764	22.6
8765	22.6
8766	22.6
8767	22.6
8768	22.6
8769	22.6
8770	22.5
8771	22.6
8772	22.5
8773	22.5
8774	22.6
8775	22.6
8776	22.6
8777	22.6
8778	22.6
8779	22.6
8780	22.6
8781	22.6
8782	22.6
8783	22.7
8784	22.6
8785	22.7
8786	22.7
8787	22.7
8788	22.7
8789	22.7
8790	22.7
8791	22.7
8792	22.7
8793	22.7
8794	22.7
8795	22.6
8796	22.6
8797	22.6
8798	22.6
8799	22.6
8800	22.6
8801	22.6
8802	22.6
8803	22.6
8804	22.6
8805	22.6
8806	22.6
8807	22.6
8808	22.6
8809	22.6
8810	22.5
8811	22.5
8812	22.5
8813	22.5
8814	22.6
8815	22.5
8816	22.5
8817	22.5
8818	22.5
8819	22.6
8820	22.6
8821	22.6
8822	22.6
8823	22.6
8824	22.6
8825	22.6
8826	22.6
8827	22.6
8828	22.6
8829	22.5
8830	22.5
8831	22.5
8832	22.5
8833	22.6
8834	22.5
8835	22.6
8836	22.5
8837	22.5
8838	22.5
8839	22.5
8840	22.6
8841	22.6
8842	22.6
8843	22.6
8844	22.6
8845	22.6
8846	22.6
8847	22.6
8848	22.6
8849	22.6
8850	22.6
8851	22.6
8852	22.6
8853	22.6
8854	22.6
8855	22.6
8856	22.6
8857	22.6
8858	22.6
8859	22.5
8860	22.5
8861	22.5
8862	22.6
8863	22.6
8864	22.5
8865	22.6
8866	22.6
8867	22.6
8868	22.6
8869	22.5
8870	22.6
8871	22.5
8872	22.4
8873	22.4
8874	22.4
8875	22.4
8876	22.4
8877	22.4
8878	22.4
8879	22.4
8880	22.4
8881	22.4
8882	22.4
8883	22.4
8884	22.4
8885	22.4
8886	22.4
8887	22.4
8888	22.4
8889	22.4
8890	22.4
8891	22.4
8892	22.4
8893	22.4
8894	22.4
8895	22.4
8896	22.4
8897	22.4
8898	22.4
8899	22.5
8900	22.5
8901	22.5
8902	22.5
8903	22.5
8904	22.5
8905	22.5
8906	22.5
8907	22.5
8908	22.5
8909	22.5
8910	22.5
8911	22.5
8912	22.5
8913	22.5
8914	22.5
8915	22.5
8916	22.5
8917	22.5
8918	22.5
8919	22.5
8920	22.5
8921	22.5
8922	22.5
8923	22.5
8924	22.5
8925	22.5
8926	22.5
8927	22.5
8928	22.5
8929	22.5
8930	22.5
8931	22.5
8932	22.5
8933	22.5
8934	22.5
8935	22.4
8936	22.5
8937	22.5
8938	22.5
8939	22.5
8940	22.4
8941	22.4
8942	22.4
8943	22.4
8944	22.5
8945	22.4
8946	22.5
8947	22.5
8948	22.5
8949	22.5
8950	22.5
8951	22.5
8952	22.5
8953	22.5
8954	22.5
8955	22.5
8956	22.6
8957	22.5
8958	22.5
8959	22.5
8960	22.5
8961	22.5
8962	22.5
8963	22.7
8964	22.8
8965	22.9
8966	22.9
8967	22.9
8968	23.0
8969	23.0
8970	23.1
8971	23.1
8972	23.0
8973	23.1
8974	23.1
8975	23.1
8976	23.1
8977	23.1
8978	23.1
8979	23.1
8980	23.1
8981	23.1
8982	23.2
8983	23.1
8984	23.2
8985	23.3
8986	23.3
8987	23.3
8988	23.3
8989	23.4
8990	23.4
8991	23.4
8992	23.4
8993	23.5
8994	23.4
8995	23.5
8996	23.5
8997	23.5
8998	23.5
8999	23.5
9000	23.5
9001	23.5
9002	23.5
9003	23.5
9004	23.5
9005	23.5
9006	23.5
9007	23.4
9008	23.4
9009	23.4
9010	23.4
9011	23.4
9012	23.4
9013	23.4
9014	23.4
9015	23.4
9016	23.4
9017	23.4
9018	23.4
9019	23.4
9020	23.4
9021	23.3
9022	23.3
9023	23.4
9024	23.3
9025	23.3
9026	23.4
9027	23.3
9028	23.3
9029	23.3
9030	23.4
9031	23.4
9032	23.3
9033	23.3
9034	23.4
9035	23.5
9036	23.5
9037	23.5
9038	23.6
9039	23.6
9040	23.6
9041	23.6
9042	23.6
9043	23.6
9044	23.7
9045	23.6
9046	23.6
9047	23.7
9048	23.7
9049	23.7
9050	23.7
9051	23.7
9052	23.6
9053	23.7
9054	23.6
9055	23.7
9056	23.7
9057	23.7
9058	23.7
9059	23.7
9060	23.7
9061	23.7
9062	23.7
9063	23.7
9064	23.7
9065	23.7
9066	23.7
9067	23.7
9068	23.7
9069	23.7
9070	23.7
9071	23.8
9072	23.8
9073	23.8
9074	23.8
9075	23.8
9076	23.8
9077	23.8
9078	23.8
9079	23.8
9080	23.8
9081	23.8
9082	23.8
9083	23.8
9084	23.8
9085	23.8
9086	23.8
9087	23.9
9088	23.8
9089	23.9
9090	23.8
9091	23.8
9092	23.9
9093	23.8
9094	23.9
9095	23.9
9096	23.9
9097	23.9
9098	23.9
9099	23.9
9100	23.9
9101	23.9
9102	23.9
9103	23.9
9104	23.9
9105	23.9
9106	23.7
9107	23.7
9108	23.8
9109	23.7
9110	23.8
9111	23.8
9112	23.9
9113	23.8
9114	23.8
9115	23.9
9116	23.9
9117	23.9
9118	23.9
9119	23.9
9120	23.9
9121	23.9
9122	23.9
9123	23.8
9124	23.9
9125	23.7
9126	23.7
9127	23.6
9128	23.7
9129	23.8
9130	23.8
9131	23.8
9132	23.9
9133	23.9
9134	23.9
9135	23.9
9136	23.8
9137	23.7
9138	23.8
9139	23.8
9140	23.9
9141	23.8
9142	23.7
9143	23.6
9144	23.4
9145	23.3
9146	23.2
9147	23.1
9148	23.0
9149	22.9
9150	22.9
9151	22.8
9152	22.7
9153	22.8
9154	22.8
9155	22.8
9156	22.7
9157	22.7
9158	22.6
9159	22.6
9160	22.6
9161	22.7
9162	22.8
9163	22.8
9164	22.9
9165	22.9
9166	22.9
9167	22.9
9168	22.9
9169	22.9
9170	23.2
9171	23.3
9172	23.5
9173	23.6
9174	23.6
9175	23.7
9176	23.7
9177	23.7
9178	23.7
9179	23.7
9180	23.8
9181	23.8
9182	23.9
9183	23.9
9184	23.9
9185	23.9
9186	23.8
9187	23.8
9188	23.8
9189	23.9
9190	23.9
9191	23.7
9192	23.7
9193	23.8
9194	23.8
9195	23.8
9196	23.8
9197	23.8
9198	23.9
9199	23.9
9200	23.9
9201	23.9
9202	23.9
9203	23.8
9204	23.6
9205	23.6
9206	23.6
9207	23.5
9208	23.6
9209	23.4
9210	23.3
9211	23.1
9212	23.1
9213	23.0
9214	23.0
9215	22.8
9216	22.9
9217	22.9
9218	23.0
9219	23.1
9220	23.2
9221	23.2
9222	23.2
9223	23.3
9224	23.3
9225	23.4
9226	23.4
9227	23.3
9228	23.3
9229	23.2
9230	23.2
9231	23.1
9232	23.0
9233	22.9
9234	22.8
9235	22.8
9236	22.8
9237	22.8
9238	23.0
9239	22.9
9240	22.9
9241	23.0
9242	23.1
9243	23.1
9244	22.9
9245	23.0
9246	23.2
9247	23.4
9248	23.5
9249	23.6
9250	23.6
9251	23.7
9252	23.6
9253	23.4
9254	23.4
9255	23.3
9256	23.3
9257	23.3
9258	23.2
9259	23.2
9260	23.1
9261	23.0
9262	23.0
9263	23.1
9264	22.9
9265	22.8
9266	22.8
9267	22.8
9268	22.7
9269	22.6
9270	22.6
9271	22.7
9272	22.7
9273	22.8
9274	23.1
9275	23.2
9276	23.3
9277	23.3
9278	23.4
9279	23.3
9280	23.2
9281	23.0
9282	22.9
9283	22.9
9284	22.9
9285	23.1
9286	23.0
9287	22.9
9288	22.9
9289	22.9
9290	22.7
9291	22.6
9292	22.7
9293	22.8
9294	22.9
9295	22.8
