#1
double Tpcm1(9296,2)  # measured PCM temperature
0	22
1	22
2	22
3	22
4	22
5	22
6	22
7	22
8	22
9	22
10	22
11	22
12	21.9
13	21.9
14	21.9
15	21.9
16	21.9
17	22
18	22
19	21.9
20	21.9
21	21.9
22	21.9
23	21.9
24	21.9
25	21.9
26	21.9
27	21.9
28	21.9
29	21.8
30	21.8
31	21.9
32	21.9
33	21.8
34	21.8
35	21.8
36	21.8
37	21.8
38	21.8
39	21.8
40	21.8
41	21.8
42	21.8
43	21.8
44	21.8
45	21.8
46	21.8
47	21.8
48	21.7
49	21.7
50	21.7
51	21.8
52	21.8
53	21.8
54	21.8
55	21.7
56	21.7
57	21.7
58	21.7
59	21.7
60	21.7
61	21.6
62	21.6
63	21.6
64	21.6
65	21.6
66	21.6
67	21.6
68	21.5
69	21.5
70	21.5
71	21.5
72	21.5
73	21.5
74	21.4
75	21.4
76	21.4
77	21.4
78	21.4
79	21.4
80	21.3
81	21.3
82	21.3
83	21.3
84	21.3
85	21.3
86	21.3
87	21.3
88	21.3
89	21.3
90	21.3
91	21.3
92	21.3
93	21.3
94	21.3
95	21.3
96	21.2
97	21.2
98	21.3
99	21.3
100	21.2
101	21.3
102	21.2
103	21.2
104	21.2
105	21.2
106	21.2
107	21.2
108	21.2
109	21.2
110	21.2
111	21.2
112	21.2
113	21.2
114	21.2
115	21.2
116	21.2
117	21.2
118	21.2
119	21.1
120	21.1
121	21.2
122	21.2
123	21.1
124	21.1
125	21.1
126	21.1
127	21.1
128	21.1
129	21.1
130	21.1
131	21.1
132	21.1
133	21.1
134	21.1
135	21.1
136	21.1
137	21.1
138	21.1
139	21.1
140	21.1
141	21.1
142	21.1
143	21.1
144	21.1
145	21
146	21.1
147	21
148	21
149	21
150	21
151	21
152	21
153	21
154	21
155	21
156	21
157	21
158	21
159	20.9
160	20.9
161	20.9
162	20.9
163	20.9
164	20.9
165	20.9
166	20.9
167	20.9
168	20.9
169	20.9
170	20.9
171	20.9
172	20.8
173	20.8
174	20.8
175	20.8
176	20.8
177	20.8
178	20.8
179	20.8
180	20.8
181	20.8
182	20.8
183	20.8
184	20.7
185	20.7
186	20.7
187	20.7
188	20.7
189	20.7
190	20.7
191	20.7
192	20.7
193	20.7
194	20.7
195	20.7
196	20.7
197	20.7
198	20.7
199	20.7
200	20.7
201	20.6
202	20.6
203	20.6
204	20.6
205	20.6
206	20.6
207	20.6
208	20.6
209	20.6
210	20.6
211	20.6
212	20.6
213	20.6
214	20.6
215	20.6
216	20.6
217	20.5
218	20.5
219	20.6
220	20.5
221	20.5
222	20.5
223	20.5
224	20.5
225	20.5
226	20.5
227	20.5
228	20.5
229	20.4
230	20.4
231	20.4
232	20.4
233	20.4
234	20.4
235	20.4
236	20.4
237	20.4
238	20.4
239	20.4
240	20.4
241	20.4
242	20.3
243	20.3
244	20.3
245	20.3
246	20.3
247	20.2
248	20.2
249	20.2
250	20.2
251	20.2
252	20.2
253	20.2
254	20.2
255	20.2
256	20.2
257	20.2
258	20.1
259	20.1
260	20.2
261	20.2
262	20.1
263	20.1
264	20.1
265	20.1
266	20.1
267	20.1
268	20.1
269	20.1
270	20.1
271	20.1
272	20
273	20
274	20
275	20
276	20
277	20
278	20
279	20
280	20
281	20
282	20
283	20
284	19.9
285	20
286	19.9
287	19.9
288	19.9
289	19.9
290	19.9
291	19.9
292	19.9
293	19.9
294	19.9
295	19.9
296	19.9
297	19.9
298	19.9
299	19.9
300	19.9
301	19.9
302	19.9
303	19.9
304	19.9
305	19.9
306	19.9
307	19.9
308	19.9
309	19.9
310	19.9
311	19.9
312	19.9
313	19.9
314	19.9
315	19.9
316	19.9
317	19.9
318	19.9
319	19.9
320	19.9
321	19.9
322	19.9
323	19.9
324	19.9
325	19.9
326	19.9
327	19.9
328	19.9
329	19.9
330	19.9
331	19.9
332	19.9
333	19.9
334	19.9
335	19.9
336	19.9
337	19.9
338	19.9
339	19.9
340	19.9
341	19.9
342	19.9
343	19.9
344	19.9
345	19.9
346	19.9
347	19.9
348	19.9
349	19.9
350	19.9
351	19.9
352	20
353	20
354	20
355	20
356	20
357	20
358	20
359	20
360	20
361	20
362	20
363	20
364	20
365	20.1
366	20
367	20.1
368	20.1
369	20.1
370	20.1
371	20.1
372	20.1
373	20.1
374	20.1
375	20.1
376	20.1
377	20.1
378	20.1
379	20.1
380	20.1
381	20.1
382	20.1
383	20.1
384	20.1
385	20.1
386	20.1
387	20.1
388	20.1
389	20.1
390	20.1
391	20.1
392	20.1
393	20.1
394	20.2
395	20.2
396	20.2
397	20.2
398	20.2
399	20.2
400	20.2
401	20.2
402	20.2
403	20.2
404	20.2
405	20.2
406	20.2
407	20.2
408	20.2
409	20.2
410	20.2
411	20.2
412	20.2
413	20.2
414	20.2
415	20.3
416	20.3
417	20.3
418	20.3
419	20.3
420	20.3
421	20.3
422	20.3
423	20.3
424	20.4
425	20.4
426	20.4
427	20.4
428	20.4
429	20.4
430	20.4
431	20.4
432	20.4
433	20.4
434	20.4
435	20.5
436	20.5
437	20.5
438	20.5
439	20.5
440	20.5
441	20.5
442	20.5
443	20.5
444	20.5
445	20.6
446	20.5
447	20.6
448	20.6
449	20.6
450	20.6
451	20.6
452	20.6
453	20.6
454	20.7
455	20.7
456	20.7
457	20.7
458	20.7
459	20.7
460	20.8
461	20.7
462	20.8
463	20.8
464	20.8
465	20.8
466	20.8
467	20.8
468	20.8
469	20.8
470	20.8
471	20.9
472	20.9
473	20.9
474	20.9
475	20.9
476	20.9
477	20.9
478	20.9
479	20.9
480	21
481	21
482	21
483	21
484	21
485	21
486	21
487	21.1
488	21.1
489	21.1
490	21.1
491	21.1
492	21.1
493	21.1
494	21.1
495	21.1
496	21.1
497	21.1
498	21.1
499	21.2
500	21.1
501	21.2
502	21.1
503	21.2
504	21.2
505	21.2
506	21.2
507	21.2
508	21.2
509	21.2
510	21.2
511	21.2
512	21.2
513	21.2
514	21.2
515	21.2
516	21.2
517	21.2
518	21.2
519	21.2
520	21.2
521	21.2
522	21.2
523	21.2
524	21.2
525	21.2
526	21.2
527	21.2
528	21.2
529	21.3
530	21.2
531	21.3
532	21.3
533	21.3
534	21.3
535	21.3
536	21.3
537	21.4
538	21.4
539	21.4
540	21.4
541	21.4
542	21.4
543	21.4
544	21.5
545	21.5
546	21.5
547	21.5
548	21.6
549	21.6
550	21.6
551	21.6
552	21.6
553	21.6
554	21.6
555	21.6
556	21.7
557	21.7
558	21.7
559	21.7
560	21.7
561	21.7
562	21.7
563	21.7
564	21.7
565	21.7
566	21.8
567	21.8
568	21.8
569	21.8
570	21.8
571	21.8
572	21.8
573	21.8
574	21.8
575	21.8
576	21.9
577	21.9
578	21.9
579	21.9
580	21.9
581	21.9
582	21.9
583	21.9
584	21.9
585	21.9
586	21.9
587	21.9
588	21.9
589	21.9
590	21.9
591	21.9
592	21.9
593	22
594	22
595	21.9
596	21.9
597	21.9
598	21.9
599	21.9
600	21.9
601	21.9
602	21.9
603	21.9
604	21.9
605	21.9
606	21.9
607	21.9
608	21.9
609	21.9
610	21.9
611	21.9
612	21.9
613	22
614	22
615	22
616	22
617	22
618	22
619	22
620	22
621	22
622	22
623	22
624	22
625	22
626	22
627	22
628	22
629	22
630	22
631	22
632	22
633	22
634	22
635	22
636	22
637	22
638	22
639	22
640	22
641	22
642	22
643	22
644	22
645	22
646	22
647	22
648	22
649	22.1
650	22.1
651	22.1
652	22.1
653	22.1
654	22.1
655	22.1
656	22.1
657	22.1
658	22.1
659	22.1
660	22.1
661	22.2
662	22.2
663	22.2
664	22.2
665	22.2
666	22.2
667	22.2
668	22.2
669	22.2
670	22.2
671	22.2
672	22.2
673	22.2
674	22.2
675	22.2
676	22.2
677	22.2
678	22.2
679	22.2
680	22.2
681	22.2
682	22.2
683	22.2
684	22.2
685	22.2
686	22.2
687	22.2
688	22.2
689	22.2
690	22.2
691	22.2
692	22.2
693	22.2
694	22.2
695	22.2
696	22.2
697	22.2
698	22.2
699	22.2
700	22.2
701	22.2
702	22.2
703	22.2
704	22.2
705	22.2
706	22.2
707	22.2
708	22.2
709	22.1
710	22.1
711	22.1
712	22.1
713	22.1
714	22.1
715	22.1
716	22.1
717	22.1
718	22.1
719	22
720	22.1
721	22.1
722	22
723	22
724	22
725	22
726	22
727	22
728	22
729	22
730	21.9
731	21.9
732	21.9
733	21.9
734	21.9
735	21.9
736	21.9
737	21.9
738	21.8
739	21.8
740	21.8
741	21.8
742	21.8
743	21.8
744	21.8
745	21.8
746	21.7
747	21.8
748	21.7
749	21.7
750	21.7
751	21.7
752	21.7
753	21.7
754	21.6
755	21.6
756	21.6
757	21.5
758	21.5
759	21.5
760	21.5
761	21.5
762	21.5
763	21.5
764	21.4
765	21.4
766	21.4
767	21.4
768	21.3
769	21.4
770	21.3
771	21.3
772	21.3
773	21.3
774	21.3
775	21.3
776	21.3
777	21.3
778	21.2
779	21.2
780	21.2
781	21.2
782	21.2
783	21.2
784	21.2
785	21.2
786	21.2
787	21.2
788	21.2
789	21.2
790	21.2
791	21.2
792	21.2
793	21.2
794	21.2
795	21.2
796	21.2
797	21.2
798	21.2
799	21.2
800	21.2
801	21.2
802	21.2
803	21.2
804	21.2
805	21.2
806	21.2
807	21.2
808	21.2
809	21.2
810	21.2
811	21.2
812	21.2
813	21.2
814	21.2
815	21.2
816	21.2
817	21.2
818	21.2
819	21.2
820	21.2
821	21.2
822	21.2
823	21.2
824	21.2
825	21.2
826	21.2
827	21.2
828	21.2
829	21.2
830	21.2
831	21.2
832	21.2
833	21.2
834	21.2
835	21.3
836	21.3
837	21.3
838	21.3
839	21.3
840	21.3
841	21.3
842	21.3
843	21.3
844	21.3
845	21.3
846	21.3
847	21.3
848	21.3
849	21.3
850	21.3
851	21.3
852	21.3
853	21.3
854	21.3
855	21.3
856	21.3
857	21.3
858	21.3
859	21.3
860	21.2
861	21.3
862	21.3
863	21.3
864	21.3
865	21.3
866	21.3
867	21.3
868	21.3
869	21.3
870	21.3
871	21.3
872	21.3
873	21.3
874	21.3
875	21.3
876	21.3
877	21.3
878	21.3
879	21.3
880	21.3
881	21.3
882	21.3
883	21.3
884	21.3
885	21.2
886	21.2
887	21.2
888	21.2
889	21.2
890	21.2
891	21.2
892	21.2
893	21.2
894	21.2
895	21.2
896	21.2
897	21.2
898	21.2
899	21.2
900	21.2
901	21.2
902	21.2
903	21.2
904	21.2
905	21.2
906	21.2
907	21.2
908	21.2
909	21.2
910	21.2
911	21.2
912	21.2
913	21.2
914	21.2
915	21.2
916	21.2
917	21.2
918	21.2
919	21.2
920	21.2
921	21.3
922	21.3
923	21.3
924	21.3
925	21.3
926	21.3
927	21.3
928	21.3
929	21.2
930	21.3
931	21.3
932	21.3
933	21.3
934	21.3
935	21.3
936	21.3
937	21.3
938	21.3
939	21.3
940	21.3
941	21.3
942	21.3
943	21.3
944	21.3
945	21.3
946	21.3
947	21.3
948	21.3
949	21.3
950	21.3
951	21.3
952	21.3
953	21.3
954	21.3
955	21.3
956	21.3
957	21.3
958	21.3
959	21.3
960	21.3
961	21.3
962	21.2
963	21.2
964	21.2
965	21.2
966	21.2
967	21.2
968	21.2
969	21.2
970	21.2
971	21.2
972	21.2
973	21.2
974	21.2
975	21.2
976	21.2
977	21.2
978	21.2
979	21.2
980	21.2
981	21.2
982	21.2
983	21.2
984	21.2
985	21.2
986	21.2
987	21.2
988	21.2
989	21.2
990	21.2
991	21.2
992	21.2
993	21.2
994	21.2
995	21.2
996	21.2
997	21.2
998	21.2
999	21.2
1000	21.2
1001	21.2
1002	21.2
1003	21.2
1004	21.2
1005	21.2
1006	21.2
1007	21.2
1008	21.2
1009	21.1
1010	21.1
1011	21.2
1012	21.1
1013	21.1
1014	21.1
1015	21.1
1016	21.1
1017	21.1
1018	21.1
1019	21.1
1020	21.1
1021	21.1
1022	21.1
1023	21
1024	21
1025	21
1026	21
1027	21
1028	21
1029	21
1030	21
1031	21
1032	21
1033	21
1034	20.9
1035	20.9
1036	20.9
1037	20.9
1038	20.9
1039	20.9
1040	20.9
1041	20.9
1042	20.9
1043	20.9
1044	20.9
1045	20.8
1046	20.8
1047	20.8
1048	20.8
1049	20.8
1050	20.8
1051	20.8
1052	20.8
1053	20.7
1054	20.7
1055	20.7
1056	20.7
1057	20.7
1058	20.7
1059	20.7
1060	20.7
1061	20.7
1062	20.7
1063	20.7
1064	20.7
1065	20.6
1066	20.7
1067	20.6
1068	20.6
1069	20.6
1070	20.6
1071	20.6
1072	20.6
1073	20.6
1074	20.6
1075	20.6
1076	20.6
1077	20.5
1078	20.5
1079	20.5
1080	20.5
1081	20.5
1082	20.5
1083	20.5
1084	20.5
1085	20.5
1086	20.5
1087	20.5
1088	20.5
1089	20.5
1090	20.5
1091	20.4
1092	20.4
1093	20.4
1094	20.4
1095	20.4
1096	20.4
1097	20.4
1098	20.4
1099	20.4
1100	20.4
1101	20.4
1102	20.4
1103	20.4
1104	20.4
1105	20.4
1106	20.4
1107	20.4
1108	20.4
1109	20.4
1110	20.4
1111	20.4
1112	20.4
1113	20.4
1114	20.4
1115	20.4
1116	20.4
1117	20.4
1118	20.4
1119	20.4
1120	20.4
1121	20.4
1122	20.4
1123	20.3
1124	20.3
1125	20.3
1126	20.3
1127	20.3
1128	20.3
1129	20.3
1130	20.3
1131	20.3
1132	20.3
1133	20.3
1134	20.3
1135	20.3
1136	20.3
1137	20.3
1138	20.3
1139	20.3
1140	20.3
1141	20.3
1142	20.3
1143	20.3
1144	20.2
1145	20.3
1146	20.2
1147	20.2
1148	20.2
1149	20.2
1150	20.2
1151	20.2
1152	20.2
1153	20.2
1154	20.2
1155	20.2
1156	20.2
1157	20.2
1158	20.2
1159	20.2
1160	20.2
1161	20.2
1162	20.1
1163	20.2
1164	20.1
1165	20.1
1166	20.1
1167	20.1
1168	20.1
1169	20.1
1170	20.1
1171	20.1
1172	20.1
1173	20.1
1174	20.1
1175	20.1
1176	20.1
1177	20.1
1178	20.1
1179	20.1
1180	20.1
1181	20.1
1182	20.1
1183	20.1
1184	20.1
1185	20.1
1186	20.1
1187	20.1
1188	20.1
1189	20.1
1190	20
1191	20
1192	20
1193	20
1194	20
1195	20
1196	20
1197	20
1198	20
1199	20
1200	20
1201	20
1202	20
1203	20
1204	20
1205	20
1206	20
1207	20
1208	20
1209	19.9
1210	20
1211	19.9
1212	19.9
1213	19.9
1214	19.9
1215	19.9
1216	19.9
1217	19.9
1218	19.9
1219	19.9
1220	19.9
1221	19.9
1222	19.9
1223	19.9
1224	19.9
1225	19.8
1226	19.8
1227	19.9
1228	19.8
1229	19.8
1230	19.8
1231	19.8
1232	19.8
1233	19.8
1234	19.8
1235	19.8
1236	19.8
1237	19.8
1238	19.8
1239	19.8
1240	19.8
1241	19.8
1242	19.8
1243	19.8
1244	19.8
1245	19.8
1246	19.8
1247	19.8
1248	19.8
1249	19.8
1250	19.8
1251	19.8
1252	19.8
1253	19.8
1254	19.8
1255	19.8
1256	19.8
1257	19.8
1258	19.7
1259	19.7
1260	19.7
1261	19.8
1262	19.7
1263	19.7
1264	19.7
1265	19.8
1266	19.7
1267	19.7
1268	19.7
1269	19.7
1270	19.7
1271	19.7
1272	19.7
1273	19.7
1274	19.7
1275	19.7
1276	19.7
1277	19.7
1278	19.7
1279	19.7
1280	19.7
1281	19.7
1282	19.7
1283	19.7
1284	19.7
1285	19.7
1286	19.7
1287	19.7
1288	19.7
1289	19.7
1290	19.7
1291	19.7
1292	19.7
1293	19.7
1294	19.7
1295	19.6
1296	19.6
1297	19.6
1298	19.6
1299	19.6
1300	19.6
1301	19.6
1302	19.6
1303	19.6
1304	19.6
1305	19.6
1306	19.6
1307	19.6
1308	19.6
1309	19.6
1310	19.5
1311	19.5
1312	19.5
1313	19.5
1314	19.5
1315	19.5
1316	19.5
1317	19.5
1318	19.5
1319	19.5
1320	19.5
1321	19.5
1322	19.5
1323	19.5
1324	19.5
1325	19.5
1326	19.4
1327	19.4
1328	19.4
1329	19.4
1330	19.4
1331	19.4
1332	19.4
1333	19.4
1334	19.4
1335	19.4
1336	19.4
1337	19.4
1338	19.4
1339	19.4
1340	19.4
1341	19.4
1342	19.4
1343	19.3
1344	19.4
1345	19.3
1346	19.3
1347	19.3
1348	19.3
1349	19.3
1350	19.3
1351	19.3
1352	19.3
1353	19.3
1354	19.3
1355	19.3
1356	19.3
1357	19.3
1358	19.3
1359	19.3
1360	19.3
1361	19.3
1362	19.3
1363	19.3
1364	19.3
1365	19.3
1366	19.3
1367	19.3
1368	19.2
1369	19.3
1370	19.2
1371	19.2
1372	19.2
1373	19.2
1374	19.2
1375	19.2
1376	19.2
1377	19.2
1378	19.2
1379	19.2
1380	19.2
1381	19.2
1382	19.2
1383	19.2
1384	19.2
1385	19.2
1386	19.2
1387	19.2
1388	19.1
1389	19.1
1390	19.1
1391	19.1
1392	19.1
1393	19.1
1394	19.1
1395	19.1
1396	19.1
1397	19.1
1398	19.1
1399	19.1
1400	19.1
1401	19.1
1402	19.1
1403	19.1
1404	19.1
1405	19.1
1406	19.1
1407	19.1
1408	19.1
1409	19.1
1410	19.1
1411	19.1
1412	19.1
1413	19
1414	19
1415	19.1
1416	19
1417	19.1
1418	19
1419	19
1420	19
1421	19
1422	19
1423	19
1424	19
1425	19
1426	19
1427	19
1428	19
1429	19
1430	19
1431	19
1432	19
1433	19
1434	19
1435	19
1436	19
1437	19
1438	19
1439	19
1440	19
1441	19
1442	19
1443	19
1444	18.9
1445	19
1446	19
1447	19
1448	18.9
1449	18.9
1450	18.9
1451	18.9
1452	18.9
1453	18.9
1454	18.9
1455	18.9
1456	18.9
1457	18.9
1458	18.9
1459	18.9
1460	18.9
1461	18.9
1462	18.9
1463	18.9
1464	18.9
1465	18.9
1466	18.9
1467	18.9
1468	18.9
1469	18.9
1470	18.9
1471	18.9
1472	18.9
1473	18.9
1474	18.9
1475	18.9
1476	18.9
1477	18.8
1478	18.9
1479	18.8
1480	18.8
1481	18.8
1482	18.8
1483	18.8
1484	18.8
1485	18.8
1486	18.8
1487	18.8
1488	18.8
1489	18.8
1490	18.8
1491	18.8
1492	18.8
1493	18.8
1494	18.8
1495	18.8
1496	18.8
1497	18.8
1498	18.8
1499	18.8
1500	18.8
1501	18.8
1502	18.8
1503	18.8
1504	18.8
1505	18.8
1506	18.8
1507	18.8
1508	18.8
1509	18.8
1510	18.8
1511	18.8
1512	18.8
1513	18.8
1514	18.8
1515	18.8
1516	18.7
1517	18.8
1518	18.8
1519	18.8
1520	18.7
1521	18.8
1522	18.7
1523	18.8
1524	18.8
1525	18.8
1526	18.7
1527	18.7
1528	18.7
1529	18.7
1530	18.8
1531	18.7
1532	18.7
1533	18.7
1534	18.7
1535	18.7
1536	18.7
1537	18.7
1538	18.7
1539	18.7
1540	18.7
1541	18.7
1542	18.7
1543	18.7
1544	18.7
1545	18.7
1546	18.7
1547	18.7
1548	18.7
1549	18.7
1550	18.7
1551	18.7
1552	18.7
1553	18.7
1554	18.7
1555	18.7
1556	18.7
1557	18.7
1558	18.7
1559	18.7
1560	18.7
1561	18.6
1562	18.7
1563	18.7
1564	18.7
1565	18.7
1566	18.6
1567	18.6
1568	18.7
1569	18.6
1570	18.7
1571	18.7
1572	18.7
1573	18.6
1574	18.6
1575	18.6
1576	18.6
1577	18.6
1578	18.6
1579	18.6
1580	18.6
1581	18.6
1582	18.6
1583	18.6
1584	18.6
1585	18.6
1586	18.6
1587	18.6
1588	18.6
1589	18.6
1590	18.6
1591	18.6
1592	18.6
1593	18.6
1594	18.6
1595	18.6
1596	18.6
1597	18.6
1598	18.6
1599	18.6
1600	18.6
1601	18.6
1602	18.6
1603	18.6
1604	18.6
1605	18.6
1606	18.6
1607	18.5
1608	18.5
1609	18.5
1610	18.5
1611	18.5
1612	18.5
1613	18.5
1614	18.5
1615	18.5
1616	18.5
1617	18.5
1618	18.5
1619	18.5
1620	18.5
1621	18.5
1622	18.5
1623	18.5
1624	18.5
1625	18.5
1626	18.5
1627	18.5
1628	18.4
1629	18.4
1630	18.4
1631	18.4
1632	18.4
1633	18.4
1634	18.4
1635	18.4
1636	18.4
1637	18.4
1638	18.4
1639	18.4
1640	18.4
1641	18.4
1642	18.4
1643	18.4
1644	18.4
1645	18.4
1646	18.3
1647	18.3
1648	18.3
1649	18.3
1650	18.3
1651	18.3
1652	18.3
1653	18.3
1654	18.3
1655	18.3
1656	18.3
1657	18.3
1658	18.3
1659	18.3
1660	18.3
1661	18.3
1662	18.3
1663	18.3
1664	18.3
1665	18.3
1666	18.3
1667	18.3
1668	18.3
1669	18.3
1670	18.2
1671	18.3
1672	18.3
1673	18.3
1674	18.2
1675	18.2
1676	18.2
1677	18.2
1678	18.2
1679	18.2
1680	18.2
1681	18.2
1682	18.2
1683	18.2
1684	18.2
1685	18.2
1686	18.2
1687	18.2
1688	18.2
1689	18.2
1690	18.2
1691	18.2
1692	18.2
1693	18.2
1694	18.2
1695	18.2
1696	18.2
1697	18.2
1698	18.2
1699	18.2
1700	18.2
1701	18.2
1702	18.2
1703	18.2
1704	18.2
1705	18.2
1706	18.2
1707	18.2
1708	18.2
1709	18.2
1710	18.2
1711	18.2
1712	18.2
1713	18.2
1714	18.2
1715	18.2
1716	18.2
1717	18.2
1718	18.2
1719	18.2
1720	18.2
1721	18.2
1722	18.2
1723	18.2
1724	18.2
1725	18.2
1726	18.2
1727	18.2
1728	18.2
1729	18.2
1730	18.2
1731	18.2
1732	18.2
1733	18.2
1734	18.2
1735	18.2
1736	18.2
1737	18.2
1738	18.2
1739	18.2
1740	18.2
1741	18.2
1742	18.2
1743	18.2
1744	18.2
1745	18.2
1746	18.2
1747	18.2
1748	18.2
1749	18.1
1750	18.2
1751	18.1
1752	18.1
1753	18.2
1754	18.2
1755	18.1
1756	18.1
1757	18.1
1758	18.1
1759	18.1
1760	18.1
1761	18.1
1762	18.1
1763	18.1
1764	18.1
1765	18.1
1766	18.1
1767	18.1
1768	18.1
1769	18.1
1770	18.1
1771	18.1
1772	18.1
1773	18.1
1774	18.1
1775	18.1
1776	18.1
1777	18.1
1778	18.1
1779	18.1
1780	18.1
1781	18.1
1782	18.1
1783	18.1
1784	18.1
1785	18.1
1786	18.1
1787	18.1
1788	18.1
1789	18.1
1790	18.1
1791	18.1
1792	18.1
1793	18.1
1794	18.1
1795	18.1
1796	18.1
1797	18.1
1798	18.1
1799	18.1
1800	18.1
1801	18.1
1802	18.1
1803	18.1
1804	18.1
1805	18.1
1806	18.1
1807	18.1
1808	18.1
1809	18.1
1810	18.1
1811	18
1812	18
1813	18
1814	18
1815	18
1816	18
1817	18
1818	18
1819	18
1820	18
1821	18
1822	18
1823	18
1824	18
1825	18
1826	18
1827	18
1828	18
1829	18
1830	18
1831	18
1832	18
1833	18
1834	18
1835	17.9
1836	17.9
1837	17.9
1838	17.9
1839	17.9
1840	17.9
1841	17.9
1842	17.9
1843	17.9
1844	17.9
1845	17.9
1846	17.9
1847	17.9
1848	17.9
1849	17.9
1850	17.9
1851	17.9
1852	17.9
1853	17.9
1854	17.9
1855	17.9
1856	17.9
1857	17.9
1858	17.9
1859	17.9
1860	17.9
1861	17.9
1862	17.9
1863	17.9
1864	17.8
1865	17.8
1866	17.8
1867	17.8
1868	17.8
1869	17.8
1870	17.8
1871	17.8
1872	17.8
1873	17.8
1874	17.8
1875	17.8
1876	17.8
1877	17.8
1878	17.8
1879	17.8
1880	17.8
1881	17.8
1882	17.8
1883	17.8
1884	17.8
1885	17.8
1886	17.8
1887	17.8
1888	17.8
1889	17.8
1890	17.8
1891	17.8
1892	17.8
1893	17.8
1894	17.8
1895	17.8
1896	17.8
1897	17.8
1898	17.8
1899	17.8
1900	17.8
1901	17.8
1902	17.8
1903	17.8
1904	17.8
1905	17.8
1906	17.8
1907	17.8
1908	17.8
1909	17.8
1910	17.8
1911	17.8
1912	17.8
1913	17.8
1914	17.8
1915	17.8
1916	17.8
1917	17.8
1918	17.8
1919	17.8
1920	17.8
1921	17.8
1922	17.8
1923	17.8
1924	17.8
1925	17.8
1926	17.8
1927	17.8
1928	17.8
1929	17.8
1930	17.8
1931	17.8
1932	17.8
1933	17.8
1934	17.8
1935	17.8
1936	17.8
1937	17.8
1938	17.8
1939	17.8
1940	17.8
1941	17.8
1942	17.8
1943	17.8
1944	17.8
1945	17.8
1946	17.8
1947	17.8
1948	17.8
1949	17.8
1950	17.8
1951	17.8
1952	17.8
1953	17.8
1954	17.8
1955	17.8
1956	17.8
1957	17.8
1958	17.9
1959	17.8
1960	17.8
1961	17.9
1962	17.8
1963	17.8
1964	17.8
1965	17.8
1966	17.8
1967	17.8
1968	17.8
1969	17.8
1970	17.9
1971	17.8
1972	17.8
1973	17.8
1974	17.8
1975	17.8
1976	17.8
1977	17.9
1978	17.8
1979	17.8
1980	17.8
1981	17.8
1982	17.8
1983	17.9
1984	17.9
1985	17.8
1986	17.9
1987	17.8
1988	17.9
1989	17.9
1990	17.8
1991	17.9
1992	17.9
1993	17.9
1994	17.9
1995	17.9
1996	17.9
1997	17.9
1998	17.9
1999	17.9
2000	17.9
2001	17.9
2002	17.9
2003	17.9
2004	17.9
2005	17.9
2006	17.9
2007	17.9
2008	17.9
2009	17.9
2010	17.9
2011	17.8
2012	17.9
2013	17.9
2014	17.9
2015	17.9
2016	17.9
2017	17.9
2018	17.9
2019	17.9
2020	17.9
2021	17.9
2022	17.9
2023	17.9
2024	17.9
2025	17.9
2026	17.9
2027	17.9
2028	17.9
2029	17.9
2030	17.9
2031	17.9
2032	17.9
2033	17.9
2034	17.9
2035	17.9
2036	17.9
2037	17.9
2038	17.9
2039	17.9
2040	17.9
2041	17.9
2042	17.9
2043	17.9
2044	17.9
2045	17.9
2046	17.9
2047	17.9
2048	17.9
2049	18
2050	18
2051	18
2052	18
2053	18
2054	18
2055	18
2056	18
2057	18
2058	18
2059	18
2060	18
2061	18
2062	18
2063	18
2064	18
2065	18
2066	18
2067	18
2068	18
2069	18
2070	18
2071	18.1
2072	18.1
2073	18.1
2074	18.1
2075	18.1
2076	18.1
2077	18.1
2078	18.1
2079	18.1
2080	18.1
2081	18.2
2082	18.2
2083	18.2
2084	18.2
2085	18.2
2086	18.2
2087	18.2
2088	18.2
2089	18.2
2090	18.2
2091	18.2
2092	18.2
2093	18.2
2094	18.2
2095	18.2
2096	18.2
2097	18.2
2098	18.2
2099	18.2
2100	18.2
2101	18.2
2102	18.2
2103	18.2
2104	18.2
2105	18.3
2106	18.3
2107	18.2
2108	18.2
2109	18.3
2110	18.2
2111	18.3
2112	18.3
2113	18.3
2114	18.3
2115	18.3
2116	18.3
2117	18.3
2118	18.3
2119	18.3
2120	18.3
2121	18.3
2122	18.3
2123	18.3
2124	18.3
2125	18.3
2126	18.3
2127	18.3
2128	18.3
2129	18.3
2130	18.3
2131	18.3
2132	18.3
2133	18.3
2134	18.3
2135	18.3
2136	18.3
2137	18.3
2138	18.3
2139	18.4
2140	18.3
2141	18.4
2142	18.4
2143	18.4
2144	18.4
2145	18.4
2146	18.4
2147	18.4
2148	18.4
2149	18.4
2150	18.4
2151	18.5
2152	18.4
2153	18.5
2154	18.5
2155	18.5
2156	18.5
2157	18.5
2158	18.5
2159	18.5
2160	18.5
2161	18.5
2162	18.5
2163	18.5
2164	18.5
2165	18.5
2166	18.5
2167	18.5
2168	18.6
2169	18.6
2170	18.5
2171	18.6
2172	18.6
2173	18.6
2174	18.6
2175	18.6
2176	18.6
2177	18.6
2178	18.6
2179	18.7
2180	18.7
2181	18.7
2182	18.7
2183	18.7
2184	18.7
2185	18.7
2186	18.8
2187	18.8
2188	18.8
2189	18.8
2190	18.8
2191	18.8
2192	18.8
2193	18.9
2194	18.9
2195	18.9
2196	18.9
2197	19
2198	19
2199	19
2200	19
2201	19
2202	19
2203	19.1
2204	19.1
2205	19.1
2206	19.1
2207	19.2
2208	19.2
2209	19.2
2210	19.3
2211	19.3
2212	19.3
2213	19.3
2214	19.4
2215	19.4
2216	19.4
2217	19.4
2218	19.5
2219	19.5
2220	19.5
2221	19.6
2222	19.6
2223	19.6
2224	19.7
2225	19.7
2226	19.7
2227	19.8
2228	19.8
2229	19.8
2230	19.8
2231	19.8
2232	19.9
2233	19.9
2234	19.9
2235	20
2236	20
2237	20
2238	20
2239	20
2240	20
2241	20
2242	20
2243	20
2244	20
2245	20.1
2246	20.1
2247	20.1
2248	20.1
2249	20.1
2250	20.1
2251	20.1
2252	20.1
2253	20.1
2254	20.2
2255	20.2
2256	20.2
2257	20.2
2258	20.3
2259	20.3
2260	20.3
2261	20.3
2262	20.3
2263	20.3
2264	20.4
2265	20.4
2266	20.4
2267	20.4
2268	20.4
2269	20.4
2270	20.5
2271	20.5
2272	20.5
2273	20.5
2274	20.5
2275	20.5
2276	20.6
2277	20.6
2278	20.6
2279	20.6
2280	20.6
2281	20.6
2282	20.6
2283	20.6
2284	20.6
2285	20.6
2286	20.7
2287	20.7
2288	20.7
2289	20.7
2290	20.7
2291	20.7
2292	20.8
2293	20.8
2294	20.8
2295	20.8
2296	20.8
2297	20.8
2298	20.8
2299	20.8
2300	20.9
2301	20.8
2302	20.8
2303	20.9
2304	20.9
2305	20.9
2306	20.9
2307	20.9
2308	20.9
2309	20.9
2310	20.9
2311	20.9
2312	20.9
2313	20.9
2314	20.9
2315	20.9
2316	20.9
2317	20.9
2318	20.9
2319	21
2320	21
2321	21
2322	21
2323	21
2324	21
2325	21
2326	21
2327	21.1
2328	21.1
2329	21.1
2330	21.1
2331	21.1
2332	21.2
2333	21.2
2334	21.2
2335	21.2
2336	21.2
2337	21.2
2338	21.3
2339	21.3
2340	21.3
2341	21.3
2342	21.3
2343	21.3
2344	21.3
2345	21.3
2346	21.3
2347	21.3
2348	21.4
2349	21.3
2350	21.4
2351	21.4
2352	21.4
2353	21.4
2354	21.4
2355	21.4
2356	21.4
2357	21.4
2358	21.4
2359	21.4
2360	21.4
2361	21.4
2362	21.4
2363	21.4
2364	21.4
2365	21.4
2366	21.4
2367	21.4
2368	21.3
2369	21.3
2370	21.3
2371	21.3
2372	21.3
2373	21.3
2374	21.3
2375	21.2
2376	21.2
2377	21.2
2378	21.2
2379	21.2
2380	21.2
2381	21.1
2382	21.2
2383	21.1
2384	21.1
2385	21.1
2386	21.1
2387	21.2
2388	21.2
2389	21.2
2390	21.2
2391	21.3
2392	21.3
2393	21.3
2394	21.3
2395	21.3
2396	21.3
2397	21.3
2398	21.3
2399	21.4
2400	21.4
2401	21.4
2402	21.4
2403	21.4
2404	21.4
2405	21.4
2406	21.4
2407	21.4
2408	21.4
2409	21.4
2410	21.4
2411	21.4
2412	21.4
2413	21.4
2414	21.4
2415	21.4
2416	21.4
2417	21.4
2418	21.4
2419	21.4
2420	21.4
2421	21.4
2422	21.4
2423	21.4
2424	21.4
2425	21.4
2426	21.4
2427	21.4
2428	21.3
2429	21.3
2430	21.3
2431	21.3
2432	21.2
2433	21.2
2434	21.2
2435	21.1
2436	21.1
2437	21.1
2438	21.1
2439	21
2440	21
2441	20.9
2442	20.9
2443	20.9
2444	20.9
2445	20.8
2446	20.8
2447	20.8
2448	20.7
2449	20.7
2450	20.7
2451	20.6
2452	20.6
2453	20.6
2454	20.6
2455	20.6
2456	20.5
2457	20.4
2458	20.4
2459	20.4
2460	20.3
2461	20.3
2462	20.2
2463	20.2
2464	20.1
2465	20.1
2466	20.1
2467	20
2468	20
2469	20
2470	19.9
2471	19.9
2472	19.9
2473	19.9
2474	19.9
2475	19.8
2476	19.8
2477	19.8
2478	19.8
2479	19.8
2480	19.8
2481	19.8
2482	19.8
2483	19.8
2484	19.8
2485	19.8
2486	19.8
2487	19.8
2488	19.8
2489	19.8
2490	19.8
2491	19.8
2492	19.8
2493	19.9
2494	19.9
2495	19.9
2496	19.9
2497	19.9
2498	19.9
2499	19.9
2500	20
2501	20
2502	20
2503	20
2504	20
2505	20
2506	20.1
2507	20.1
2508	20.1
2509	20.1
2510	20.1
2511	20.1
2512	20.1
2513	20.1
2514	20.1
2515	20.1
2516	20.2
2517	20.2
2518	20.2
2519	20.2
2520	20.2
2521	20.2
2522	20.2
2523	20.2
2524	20.2
2525	20.2
2526	20.2
2527	20.2
2528	20.2
2529	20.2
2530	20.2
2531	20.2
2532	20.2
2533	20.2
2534	20.2
2535	20.2
2536	20.2
2537	20.2
2538	20.2
2539	20.2
2540	20.2
2541	20.2
2542	20.1
2543	20.1
2544	20.1
2545	20.1
2546	20.1
2547	20.1
2548	20.1
2549	20.1
2550	20.1
2551	20.1
2552	20
2553	20
2554	20
2555	20
2556	20
2557	20
2558	20
2559	20
2560	20
2561	20
2562	20
2563	20
2564	20
2565	19.9
2566	20
2567	20
2568	19.9
2569	19.9
2570	19.9
2571	19.9
2572	19.9
2573	19.8
2574	19.8
2575	19.8
2576	19.8
2577	19.8
2578	19.7
2579	19.7
2580	19.7
2581	19.7
2582	19.6
2583	19.6
2584	19.6
2585	19.6
2586	19.5
2587	19.5
2588	19.5
2589	19.4
2590	19.4
2591	19.3
2592	19.3
2593	19.3
2594	19.2
2595	19.2
2596	19.1
2597	19.1
2598	19.1
2599	19.1
2600	19
2601	19
2602	18.9
2603	18.9
2604	18.9
2605	18.8
2606	18.8
2607	18.8
2608	18.8
2609	18.7
2610	18.7
2611	18.7
2612	18.7
2613	18.7
2614	18.6
2615	18.6
2616	18.6
2617	18.6
2618	18.5
2619	18.5
2620	18.5
2621	18.5
2622	18.5
2623	18.5
2624	18.5
2625	18.5
2626	18.5
2627	18.4
2628	18.4
2629	18.4
2630	18.4
2631	18.3
2632	18.3
2633	18.3
2634	18.3
2635	18.3
2636	18.3
2637	18.3
2638	18.3
2639	18.3
2640	18.2
2641	18.2
2642	18.2
2643	18.2
2644	18.2
2645	18.2
2646	18.2
2647	18.2
2648	18.2
2649	18.2
2650	18.1
2651	18.1
2652	18.1
2653	18.1
2654	18.1
2655	18.1
2656	18.1
2657	18
2658	18.1
2659	18.1
2660	18
2661	18
2662	18
2663	18
2664	18
2665	18
2666	18
2667	17.9
2668	17.9
2669	17.9
2670	17.9
2671	17.9
2672	17.9
2673	17.9
2674	17.9
2675	17.9
2676	17.9
2677	17.9
2678	17.9
2679	17.9
2680	17.8
2681	17.8
2682	17.8
2683	17.8
2684	17.9
2685	17.8
2686	17.8
2687	17.8
2688	17.8
2689	17.8
2690	17.8
2691	17.8
2692	17.8
2693	17.8
2694	17.8
2695	17.8
2696	17.8
2697	17.8
2698	17.8
2699	17.7
2700	17.8
2701	17.8
2702	17.7
2703	17.7
2704	17.7
2705	17.7
2706	17.7
2707	17.7
2708	17.7
2709	17.7
2710	17.7
2711	17.7
2712	17.7
2713	17.7
2714	17.7
2715	17.7
2716	17.7
2717	17.6
2718	17.6
2719	17.6
2720	17.6
2721	17.6
2722	17.6
2723	17.6
2724	17.6
2725	17.6
2726	17.6
2727	17.6
2728	17.6
2729	17.6
2730	17.6
2731	17.6
2732	17.6
2733	17.6
2734	17.6
2735	17.6
2736	17.6
2737	17.6
2738	17.6
2739	17.5
2740	17.6
2741	17.5
2742	17.5
2743	17.5
2744	17.5
2745	17.5
2746	17.5
2747	17.5
2748	17.5
2749	17.5
2750	17.5
2751	17.4
2752	17.4
2753	17.4
2754	17.4
2755	17.4
2756	17.4
2757	17.4
2758	17.4
2759	17.4
2760	17.4
2761	17.4
2762	17.3
2763	17.3
2764	17.3
2765	17.3
2766	17.3
2767	17.3
2768	17.3
2769	17.3
2770	17.3
2771	17.3
2772	17.3
2773	17.3
2774	17.3
2775	17.3
2776	17.3
2777	17.3
2778	17.3
2779	17.3
2780	17.3
2781	17.3
2782	17.3
2783	17.3
2784	17.3
2785	17.2
2786	17.3
2787	17.3
2788	17.3
2789	17.3
2790	17.3
2791	17.3
2792	17.3
2793	17.3
2794	17.3
2795	17.3
2796	17.3
2797	17.3
2798	17.3
2799	17.3
2800	17.3
2801	17.2
2802	17.3
2803	17.3
2804	17.3
2805	17.3
2806	17.3
2807	17.3
2808	17.2
2809	17.3
2810	17.3
2811	17.2
2812	17.2
2813	17.2
2814	17.2
2815	17.2
2816	17.2
2817	17.2
2818	17.2
2819	17.2
2820	17.2
2821	17.2
2822	17.2
2823	17.2
2824	17.2
2825	17.2
2826	17.2
2827	17.2
2828	17.2
2829	17.2
2830	17.2
2831	17.2
2832	17.2
2833	17.2
2834	17.2
2835	17.2
2836	17.2
2837	17.1
2838	17.1
2839	17.1
2840	17.1
2841	17.1
2842	17.1
2843	17.1
2844	17.1
2845	17.1
2846	17.1
2847	17.1
2848	17.1
2849	17.1
2850	17.1
2851	17.1
2852	17.1
2853	17.1
2854	17.1
2855	17.1
2856	17.1
2857	17.1
2858	17.1
2859	17.1
2860	17.1
2861	17.1
2862	17.1
2863	17.1
2864	17.1
2865	17.1
2866	17.1
2867	17.1
2868	17.1
2869	17
2870	17
2871	17.1
2872	17
2873	17
2874	17
2875	17
2876	17
2877	17
2878	17
2879	17
2880	17
2881	17
2882	17
2883	17
2884	17
2885	17
2886	17
2887	17
2888	17
2889	17
2890	17
2891	17
2892	17
2893	17
2894	17
2895	17
2896	17
2897	17
2898	17
2899	16.9
2900	16.9
2901	16.9
2902	16.9
2903	16.9
2904	16.9
2905	16.9
2906	16.9
2907	16.9
2908	16.9
2909	16.9
2910	16.9
2911	16.9
2912	16.9
2913	16.9
2914	16.9
2915	16.9
2916	16.9
2917	16.9
2918	16.9
2919	16.9
2920	16.9
2921	16.9
2922	16.9
2923	16.9
2924	16.9
2925	16.9
2926	16.9
2927	16.9
2928	16.9
2929	16.9
2930	16.9
2931	16.9
2932	16.9
2933	16.9
2934	16.9
2935	16.9
2936	16.9
2937	16.9
2938	16.9
2939	16.9
2940	16.9
2941	16.9
2942	16.9
2943	16.9
2944	16.9
2945	16.9
2946	16.9
2947	16.9
2948	16.9
2949	16.9
2950	16.9
2951	16.9
2952	16.9
2953	16.9
2954	16.9
2955	16.9
2956	16.9
2957	16.9
2958	16.8
2959	16.8
2960	16.8
2961	16.8
2962	16.8
2963	16.8
2964	16.8
2965	16.8
2966	16.8
2967	16.8
2968	16.8
2969	16.8
2970	16.8
2971	16.8
2972	16.7
2973	16.7
2974	16.7
2975	16.8
2976	16.7
2977	16.7
2978	16.8
2979	16.8
2980	16.8
2981	16.8
2982	16.8
2983	16.8
2984	16.8
2985	16.8
2986	16.8
2987	16.8
2988	16.8
2989	16.8
2990	16.8
2991	16.8
2992	16.8
2993	16.7
2994	16.8
2995	16.8
2996	16.8
2997	16.8
2998	16.8
2999	16.8
3000	16.8
3001	16.8
3002	16.8
3003	16.8
3004	16.8
3005	16.8
3006	16.7
3007	16.7
3008	16.7
3009	16.7
3010	16.7
3011	16.7
3012	16.7
3013	16.7
3014	16.7
3015	16.7
3016	16.7
3017	16.7
3018	16.6
3019	16.6
3020	16.6
3021	16.6
3022	16.6
3023	16.6
3024	16.6
3025	16.6
3026	16.6
3027	16.6
3028	16.6
3029	16.6
3030	16.5
3031	16.5
3032	16.5
3033	16.5
3034	16.5
3035	16.5
3036	16.6
3037	16.5
3038	16.5
3039	16.5
3040	16.5
3041	16.5
3042	16.5
3043	16.5
3044	16.5
3045	16.4
3046	16.5
3047	16.5
3048	16.5
3049	16.4
3050	16.4
3051	16.4
3052	16.4
3053	16.4
3054	16.4
3055	16.4
3056	16.4
3057	16.3
3058	16.3
3059	16.3
3060	16.3
3061	16.3
3062	16.3
3063	16.3
3064	16.3
3065	16.3
3066	16.3
3067	16.3
3068	16.3
3069	16.3
3070	16.3
3071	16.3
3072	16.3
3073	16.3
3074	16.3
3075	16.2
3076	16.3
3077	16.2
3078	16.2
3079	16.2
3080	16.2
3081	16.2
3082	16.2
3083	16.2
3084	16.2
3085	16.2
3086	16.2
3087	16.2
3088	16.2
3089	16.2
3090	16.2
3091	16.2
3092	16.2
3093	16.2
3094	16.2
3095	16.2
3096	16.2
3097	16.2
3098	16.2
3099	16.2
3100	16.2
3101	16.2
3102	16.2
3103	16.2
3104	16.2
3105	16.2
3106	16.2
3107	16.2
3108	16.2
3109	16.2
3110	16.2
3111	16.2
3112	16.2
3113	16.2
3114	16.2
3115	16.2
3116	16.2
3117	16.2
3118	16.2
3119	16.2
3120	16.2
3121	16.2
3122	16.2
3123	16.2
3124	16.2
3125	16.2
3126	16.2
3127	16.2
3128	16.2
3129	16.2
3130	16.2
3131	16.2
3132	16.2
3133	16.2
3134	16.2
3135	16.2
3136	16.2
3137	16.2
3138	16.2
3139	16.2
3140	16.2
3141	16.2
3142	16.2
3143	16.2
3144	16.2
3145	16.2
3146	16.2
3147	16.2
3148	16.2
3149	16.2
3150	16.2
3151	16.3
3152	16.3
3153	16.3
3154	16.3
3155	16.3
3156	16.3
3157	16.3
3158	16.3
3159	16.3
3160	16.3
3161	16.3
3162	16.3
3163	16.3
3164	16.3
3165	16.3
3166	16.3
3167	16.3
3168	16.3
3169	16.3
3170	16.3
3171	16.3
3172	16.3
3173	16.3
3174	16.3
3175	16.4
3176	16.4
3177	16.4
3178	16.4
3179	16.3
3180	16.4
3181	16.4
3182	16.4
3183	16.4
3184	16.4
3185	16.4
3186	16.4
3187	16.4
3188	16.4
3189	16.4
3190	16.4
3191	16.4
3192	16.4
3193	16.4
3194	16.3
3195	16.3
3196	16.3
3197	16.3
3198	16.3
3199	16.3
3200	16.3
3201	16.3
3202	16.3
3203	16.3
3204	16.3
3205	16.3
3206	16.3
3207	16.3
3208	16.3
3209	16.3
3210	16.3
3211	16.3
3212	16.4
3213	16.3
3214	16.3
3215	16.4
3216	16.3
3217	16.3
3218	16.3
3219	16.3
3220	16.3
3221	16.4
3222	16.4
3223	16.4
3224	16.4
3225	16.4
3226	16.4
3227	16.4
3228	16.4
3229	16.4
3230	16.4
3231	16.4
3232	16.4
3233	16.5
3234	16.5
3235	16.5
3236	16.5
3237	16.5
3238	16.5
3239	16.5
3240	16.5
3241	16.5
3242	16.5
3243	16.5
3244	16.5
3245	16.5
3246	16.5
3247	16.5
3248	16.5
3249	16.5
3250	16.5
3251	16.5
3252	16.5
3253	16.5
3254	16.5
3255	16.6
3256	16.6
3257	16.6
3258	16.6
3259	16.6
3260	16.6
3261	16.6
3262	16.6
3263	16.6
3264	16.6
3265	16.6
3266	16.6
3267	16.6
3268	16.6
3269	16.6
3270	16.7
3271	16.7
3272	16.7
3273	16.7
3274	16.7
3275	16.7
3276	16.7
3277	16.7
3278	16.7
3279	16.7
3280	16.8
3281	16.8
3282	16.8
3283	16.8
3284	16.8
3285	16.8
3286	16.8
3287	16.8
3288	16.8
3289	16.8
3290	16.8
3291	16.8
3292	16.8
3293	16.8
3294	16.9
3295	16.9
3296	16.9
3297	16.9
3298	16.9
3299	16.9
3300	16.9
3301	16.9
3302	16.9
3303	16.9
3304	16.9
3305	16.9
3306	16.9
3307	16.9
3308	16.9
3309	16.9
3310	16.9
3311	16.9
3312	17
3313	17
3314	17
3315	17
3316	17
3317	17
3318	17
3319	17
3320	17
3321	17
3322	17
3323	17
3324	17.1
3325	17.1
3326	17.1
3327	17.1
3328	17.1
3329	17.1
3330	17.1
3331	17.1
3332	17.2
3333	17.2
3334	17.2
3335	17.2
3336	17.2
3337	17.2
3338	17.3
3339	17.3
3340	17.3
3341	17.3
3342	17.3
3343	17.3
3344	17.3
3345	17.3
3346	17.3
3347	17.3
3348	17.3
3349	17.3
3350	17.3
3351	17.3
3352	17.3
3353	17.3
3354	17.3
3355	17.3
3356	17.3
3357	17.3
3358	17.3
3359	17.3
3360	17.4
3361	17.4
3362	17.4
3363	17.4
3364	17.4
3365	17.4
3366	17.4
3367	17.5
3368	17.5
3369	17.5
3370	17.5
3371	17.5
3372	17.5
3373	17.5
3374	17.5
3375	17.5
3376	17.6
3377	17.6
3378	17.6
3379	17.6
3380	17.6
3381	17.6
3382	17.6
3383	17.6
3384	17.6
3385	17.6
3386	17.7
3387	17.7
3388	17.7
3389	17.7
3390	17.7
3391	17.7
3392	17.7
3393	17.7
3394	17.7
3395	17.7
3396	17.7
3397	17.7
3398	17.7
3399	17.7
3400	17.7
3401	17.7
3402	17.7
3403	17.8
3404	17.8
3405	17.8
3406	17.8
3407	17.8
3408	17.8
3409	17.8
3410	17.8
3411	17.9
3412	17.9
3413	17.9
3414	17.9
3415	17.9
3416	17.9
3417	17.9
3418	17.9
3419	18
3420	18
3421	18
3422	18
3423	18
3424	18.1
3425	18.1
3426	18.1
3427	18.1
3428	18.1
3429	18.2
3430	18.2
3431	18.2
3432	18.2
3433	18.2
3434	18.2
3435	18.3
3436	18.3
3437	18.3
3438	18.3
3439	18.3
3440	18.3
3441	18.3
3442	18.3
3443	18.4
3444	18.4
3445	18.4
3446	18.4
3447	18.4
3448	18.4
3449	18.4
3450	18.4
3451	18.4
3452	18.4
3453	18.4
3454	18.5
3455	18.5
3456	18.5
3457	18.5
3458	18.5
3459	18.5
3460	18.6
3461	18.6
3462	18.6
3463	18.6
3464	18.6
3465	18.6
3466	18.7
3467	18.7
3468	18.7
3469	18.7
3470	18.8
3471	18.8
3472	18.8
3473	18.8
3474	18.8
3475	18.8
3476	18.8
3477	18.8
3478	18.9
3479	18.9
3480	18.9
3481	18.9
3482	18.9
3483	19
3484	19
3485	19
3486	19
3487	19
3488	19
3489	19
3490	19
3491	19
3492	19.1
3493	19.1
3494	19.1
3495	19.1
3496	19.1
3497	19.1
3498	19.1
3499	19.1
3500	19.1
3501	19.2
3502	19.2
3503	19.2
3504	19.2
3505	19.2
3506	19.3
3507	19.3
3508	19.3
3509	19.3
3510	19.3
3511	19.3
3512	19.3
3513	19.3
3514	19.4
3515	19.4
3516	19.4
3517	19.4
3518	19.4
3519	19.4
3520	19.4
3521	19.4
3522	19.5
3523	19.5
3524	19.4
3525	19.5
3526	19.5
3527	19.4
3528	19.5
3529	19.4
3530	19.5
3531	19.5
3532	19.5
3533	19.5
3534	19.5
3535	19.6
3536	19.6
3537	19.6
3538	19.6
3539	19.6
3540	19.7
3541	19.7
3542	19.7
3543	19.8
3544	19.8
3545	19.8
3546	19.9
3547	19.9
3548	19.9
3549	20
3550	20
3551	20.1
3552	20.1
3553	20.2
3554	20.2
3555	20.2
3556	20.2
3557	20.3
3558	20.3
3559	20.3
3560	20.4
3561	20.4
3562	20.4
3563	20.5
3564	20.5
3565	20.5
3566	20.5
3567	20.5
3568	20.5
3569	20.5
3570	20.5
3571	20.5
3572	20.5
3573	20.5
3574	20.5
3575	20.5
3576	20.5
3577	20.5
3578	20.5
3579	20.5
3580	20.5
3581	20.5
3582	20.5
3583	20.5
3584	20.5
3585	20.5
3586	20.5
3587	20.5
3588	20.5
3589	20.5
3590	20.5
3591	20.5
3592	20.5
3593	20.5
3594	20.5
3595	20.5
3596	20.5
3597	20.5
3598	20.5
3599	20.4
3600	20.4
3601	20.4
3602	20.4
3603	20.4
3604	20.4
3605	20.4
3606	20.4
3607	20.4
3608	20.4
3609	20.4
3610	20.3
3611	20.4
3612	20.3
3613	20.3
3614	20.3
3615	20.3
3616	20.3
3617	20.3
3618	20.3
3619	20.3
3620	20.3
3621	20.3
3622	20.3
3623	20.2
3624	20.2
3625	20.3
3626	20.2
3627	20.2
3628	20.2
3629	20.2
3630	20.2
3631	20.2
3632	20.2
3633	20.2
3634	20.2
3635	20.1
3636	20.1
3637	20.1
3638	20
3639	20
3640	19.9
3641	19.9
3642	19.8
3643	19.8
3644	19.8
3645	19.7
3646	19.7
3647	19.6
3648	19.6
3649	19.6
3650	19.6
3651	19.5
3652	19.5
3653	19.5
3654	19.5
3655	19.5
3656	19.4
3657	19.4
3658	19.4
3659	19.4
3660	19.4
3661	19.4
3662	19.4
3663	19.4
3664	19.4
3665	19.4
3666	19.4
3667	19.4
3668	19.4
3669	19.4
3670	19.4
3671	19.4
3672	19.4
3673	19.4
3674	19.4
3675	19.4
3676	19.4
3677	19.4
3678	19.4
3679	19.4
3680	19.4
3681	19.5
3682	19.5
3683	19.5
3684	19.5
3685	19.5
3686	19.5
3687	19.6
3688	19.6
3689	19.7
3690	19.7
3691	19.7
3692	19.7
3693	19.8
3694	19.8
3695	19.8
3696	19.8
3697	19.9
3698	19.9
3699	19.9
3700	19.9
3701	20
3702	20
3703	20
3704	20
3705	20
3706	20.1
3707	20.1
3708	20.1
3709	20.1
3710	20.2
3711	20.2
3712	20.2
3713	20.3
3714	20.3
3715	20.3
3716	20.3
3717	20.4
3718	20.4
3719	20.4
3720	20.5
3721	20.5
3722	20.5
3723	20.5
3724	20.6
3725	20.6
3726	20.6
3727	20.6
3728	20.6
3729	20.7
3730	20.7
3731	20.7
3732	20.7
3733	20.7
3734	20.8
3735	20.8
3736	20.7
3737	20.7
3738	20.7
3739	20.7
3740	20.7
3741	20.7
3742	20.7
3743	20.7
3744	20.7
3745	20.7
3746	20.7
3747	20.7
3748	20.7
3749	20.7
3750	20.7
3751	20.6
3752	20.6
3753	20.6
3754	20.6
3755	20.6
3756	20.6
3757	20.6
3758	20.6
3759	20.6
3760	20.6
3761	20.6
3762	20.5
3763	20.5
3764	20.5
3765	20.5
3766	20.5
3767	20.5
3768	20.5
3769	20.4
3770	20.4
3771	20.4
3772	20.3
3773	20.3
3774	20.2
3775	20.2
3776	20.2
3777	20.2
3778	20.2
3779	20.1
3780	20.1
3781	20.1
3782	20.1
3783	20.1
3784	20.1
3785	20.1
3786	20.1
3787	20.1
3788	20
3789	20
3790	20
3791	20
3792	20
3793	20
3794	20
3795	20
3796	20
3797	20
3798	20
3799	20
3800	20
3801	20
3802	20.1
3803	20.1
3804	20.1
3805	20.1
3806	20.1
3807	20.1
3808	20.1
3809	20.1
3810	20.1
3811	20.1
3812	20.2
3813	20.2
3814	20.2
3815	20.2
3816	20.2
3817	20.2
3818	20.2
3819	20.3
3820	20.3
3821	20.2
3822	20.3
3823	20.3
3824	20.3
3825	20.3
3826	20.3
3827	20.3
3828	20.3
3829	20.3
3830	20.3
3831	20.3
3832	20.3
3833	20.3
3834	20.3
3835	20.3
3836	20.3
3837	20.3
3838	20.3
3839	20.3
3840	20.3
3841	20.3
3842	20.3
3843	20.3
3844	20.3
3845	20.3
3846	20.3
3847	20.3
3848	20.2
3849	20.2
3850	20.2
3851	20.2
3852	20.2
3853	20.2
3854	20.2
3855	20.2
3856	20.2
3857	20.2
3858	20.2
3859	20.2
3860	20.1
3861	20.1
3862	20.1
3863	20.1
3864	20.1
3865	20.1
3866	20.1
3867	20
3868	20
3869	20
3870	20
3871	20
3872	19.9
3873	19.9
3874	19.9
3875	19.9
3876	19.9
3877	19.9
3878	19.9
3879	19.9
3880	19.9
3881	19.9
3882	19.8
3883	19.8
3884	19.8
3885	19.8
3886	19.8
3887	19.8
3888	19.8
3889	19.8
3890	19.8
3891	19.8
3892	19.8
3893	19.8
3894	19.8
3895	19.8
3896	19.8
3897	19.8
3898	19.8
3899	19.8
3900	19.8
3901	19.8
3902	19.8
3903	19.8
3904	19.8
3905	19.8
3906	19.8
3907	19.8
3908	19.8
3909	19.8
3910	19.8
3911	19.9
3912	19.8
3913	19.9
3914	19.9
3915	19.8
3916	19.9
3917	19.9
3918	19.9
3919	19.8
3920	19.8
3921	19.8
3922	19.8
3923	19.8
3924	19.8
3925	19.8
3926	19.8
3927	19.8
3928	19.7
3929	19.8
3930	19.7
3931	19.7
3932	19.7
3933	19.7
3934	19.7
3935	19.6
3936	19.6
3937	19.6
3938	19.6
3939	19.6
3940	19.6
3941	19.6
3942	19.6
3943	19.6
3944	19.6
3945	19.5
3946	19.6
3947	19.5
3948	19.5
3949	19.5
3950	19.5
3951	19.5
3952	19.5
3953	19.5
3954	19.5
3955	19.5
3956	19.5
3957	19.5
3958	19.4
3959	19.5
3960	19.5
3961	19.4
3962	19.4
3963	19.4
3964	19.4
3965	19.4
3966	19.4
3967	19.4
3968	19.4
3969	19.4
3970	19.4
3971	19.3
3972	19.3
3973	19.3
3974	19.3
3975	19.3
3976	19.3
3977	19.3
3978	19.3
3979	19.3
3980	19.3
3981	19.3
3982	19.3
3983	19.3
3984	19.3
3985	19.2
3986	19.2
3987	19.2
3988	19.2
3989	19.2
3990	19.2
3991	19.2
3992	19.2
3993	19.1
3994	19.1
3995	19.1
3996	19.1
3997	19.1
3998	19.1
3999	19.1
4000	19.1
4001	19.1
4002	19.1
4003	19
4004	19
4005	19
4006	19
4007	19
4008	19
4009	19
4010	19
4011	19
4012	19
4013	18.9
4014	18.9
4015	18.9
4016	18.9
4017	18.9
4018	18.9
4019	18.9
4020	18.9
4021	18.9
4022	18.9
4023	18.8
4024	18.8
4025	18.8
4026	18.8
4027	18.8
4028	18.8
4029	18.8
4030	18.8
4031	18.8
4032	18.8
4033	18.8
4034	18.7
4035	18.7
4036	18.7
4037	18.7
4038	18.7
4039	18.7
4040	18.7
4041	18.7
4042	18.6
4043	18.7
4044	18.6
4045	18.6
4046	18.6
4047	18.6
4048	18.6
4049	18.6
4050	18.6
4051	18.6
4052	18.6
4053	18.6
4054	18.6
4055	18.6
4056	18.5
4057	18.6
4058	18.6
4059	18.6
4060	18.5
4061	18.5
4062	18.5
4063	18.5
4064	18.5
4065	18.5
4066	18.5
4067	18.5
4068	18.5
4069	18.5
4070	18.5
4071	18.5
4072	18.5
4073	18.5
4074	18.5
4075	18.5
4076	18.4
4077	18.4
4078	18.4
4079	18.4
4080	18.4
4081	18.4
4082	18.4
4083	18.4
4084	18.4
4085	18.4
4086	18.4
4087	18.4
4088	18.4
4089	18.4
4090	18.4
4091	18.4
4092	18.4
4093	18.4
4094	18.4
4095	18.3
4096	18.3
4097	18.3
4098	18.3
4099	18.3
4100	18.3
4101	18.3
4102	18.3
4103	18.3
4104	18.3
4105	18.2
4106	18.2
4107	18.2
4108	18.2
4109	18.2
4110	18.2
4111	18.2
4112	18.2
4113	18.2
4114	18.1
4115	18.1
4116	18.1
4117	18.1
4118	18.1
4119	18.1
4120	18.1
4121	18.1
4122	18.1
4123	18.1
4124	18.1
4125	18
4126	18
4127	18
4128	18
4129	18
4130	18
4131	18
4132	18
4133	18
4134	18
4135	17.9
4136	17.9
4137	17.9
4138	17.9
4139	17.9
4140	17.9
4141	17.9
4142	17.9
4143	17.9
4144	17.9
4145	17.9
4146	17.8
4147	17.8
4148	17.8
4149	17.8
4150	17.8
4151	17.8
4152	17.8
4153	17.8
4154	17.8
4155	17.8
4156	17.8
4157	17.8
4158	17.8
4159	17.8
4160	17.8
4161	17.8
4162	17.8
4163	17.8
4164	17.8
4165	17.7
4166	17.7
4167	17.7
4168	17.7
4169	17.7
4170	17.7
4171	17.7
4172	17.7
4173	17.7
4174	17.7
4175	17.7
4176	17.7
4177	17.7
4178	17.7
4179	17.7
4180	17.7
4181	17.7
4182	17.7
4183	17.7
4184	17.7
4185	17.7
4186	17.6
4187	17.6
4188	17.6
4189	17.6
4190	17.6
4191	17.6
4192	17.6
4193	17.6
4194	17.6
4195	17.6
4196	17.6
4197	17.6
4198	17.6
4199	17.6
4200	17.6
4201	17.6
4202	17.6
4203	17.6
4204	17.6
4205	17.6
4206	17.6
4207	17.6
4208	17.6
4209	17.6
4210	17.6
4211	17.6
4212	17.6
4213	17.6
4214	17.6
4215	17.6
4216	17.6
4217	17.6
4218	17.6
4219	17.6
4220	17.6
4221	17.5
4222	17.6
4223	17.6
4224	17.6
4225	17.5
4226	17.5
4227	17.5
4228	17.5
4229	17.5
4230	17.5
4231	17.5
4232	17.5
4233	17.5
4234	17.5
4235	17.5
4236	17.5
4237	17.5
4238	17.5
4239	17.5
4240	17.5
4241	17.4
4242	17.4
4243	17.4
4244	17.4
4245	17.4
4246	17.4
4247	17.4
4248	17.4
4249	17.4
4250	17.4
4251	17.4
4252	17.3
4253	17.3
4254	17.3
4255	17.3
4256	17.3
4257	17.3
4258	17.3
4259	17.3
4260	17.3
4261	17.3
4262	17.3
4263	17.3
4264	17.3
4265	17.3
4266	17.3
4267	17.3
4268	17.3
4269	17.3
4270	17.3
4271	17.2
4272	17.2
4273	17.2
4274	17.2
4275	17.2
4276	17.2
4277	17.2
4278	17.2
4279	17.2
4280	17.2
4281	17.2
4282	17.2
4283	17.2
4284	17.2
4285	17.2
4286	17.2
4287	17.2
4288	17.2
4289	17.2
4290	17.2
4291	17.2
4292	17.2
4293	17.2
4294	17.2
4295	17.2
4296	17.2
4297	17.2
4298	17.2
4299	17.2
4300	17.2
4301	17.2
4302	17.2
4303	17.2
4304	17.2
4305	17.2
4306	17.2
4307	17.2
4308	17.2
4309	17.2
4310	17.2
4311	17.2
4312	17.2
4313	17.2
4314	17.2
4315	17.2
4316	17.2
4317	17.2
4318	17.2
4319	17.2
4320	17.2
4321	17.2
4322	17.2
4323	17.2
4324	17.2
4325	17.2
4326	17.1
4327	17.2
4328	17.1
4329	17.1
4330	17.1
4331	17.1
4332	17.1
4333	17.1
4334	17.1
4335	17.1
4336	17.1
4337	17.1
4338	17.1
4339	17.1
4340	17.1
4341	17.1
4342	17.1
4343	17.1
4344	17.1
4345	17.1
4346	17.1
4347	17.1
4348	17.1
4349	17.1
4350	17.1
4351	17.1
4352	17.1
4353	17.1
4354	17.1
4355	17.1
4356	17.1
4357	17.1
4358	17.1
4359	17.1
4360	17.1
4361	17
4362	17
4363	17
4364	17
4365	17
4366	17
4367	17
4368	17
4369	17
4370	17
4371	17
4372	17
4373	17
4374	17
4375	17
4376	17
4377	17
4378	17
4379	17
4380	17
4381	17
4382	17
4383	17
4384	17
4385	17
4386	17
4387	17
4388	17
4389	17
4390	17
4391	17
4392	17
4393	17
4394	17
4395	17
4396	17
4397	17
4398	17
4399	17
4400	17
4401	17
4402	17
4403	17
4404	17
4405	17
4406	17
4407	17
4408	17
4409	17
4410	17
4411	17
4412	17
4413	17
4414	17
4415	17
4416	17
4417	17
4418	17
4419	17
4420	17
4421	17
4422	17
4423	17
4424	17
4425	17
4426	17
4427	17
4428	17
4429	17
4430	17
4431	17
4432	17
4433	17
4434	17
4435	17
4436	17
4437	17
4438	17
4439	17
4440	17
4441	17
4442	17
4443	17
4444	17
4445	17
4446	17
4447	17
4448	17
4449	17
4450	17
4451	17
4452	17
4453	17
4454	17
4455	17
4456	17
4457	17
4458	17
4459	17
4460	17
4461	17
4462	17
4463	17
4464	17
4465	17
4466	17
4467	17
4468	17
4469	17
4470	17
4471	17
4472	17
4473	17
4474	17
4475	17
4476	17
4477	17
4478	17
4479	17
4480	17
4481	17
4482	17
4483	17
4484	17
4485	17
4486	17
4487	17
4488	17
4489	17
4490	17.1
4491	17
4492	17.1
4493	17.1
4494	17.1
4495	17.1
4496	17.1
4497	17.1
4498	17.1
4499	17.1
4500	17.1
4501	17.1
4502	17.1
4503	17.1
4504	17.2
4505	17.1
4506	17.2
4507	17.2
4508	17.2
4509	17.2
4510	17.2
4511	17.2
4512	17.2
4513	17.2
4514	17.2
4515	17.3
4516	17.3
4517	17.3
4518	17.3
4519	17.3
4520	17.3
4521	17.3
4522	17.3
4523	17.3
4524	17.3
4525	17.3
4526	17.4
4527	17.4
4528	17.4
4529	17.4
4530	17.4
4531	17.4
4532	17.4
4533	17.4
4534	17.4
4535	17.4
4536	17.4
4537	17.5
4538	17.5
4539	17.5
4540	17.5
4541	17.5
4542	17.5
4543	17.5
4544	17.5
4545	17.5
4546	17.5
4547	17.5
4548	17.5
4549	17.6
4550	17.6
4551	17.6
4552	17.6
4553	17.6
4554	17.6
4555	17.6
4556	17.6
4557	17.6
4558	17.6
4559	17.6
4560	17.6
4561	17.6
4562	17.6
4563	17.6
4564	17.6
4565	17.6
4566	17.6
4567	17.6
4568	17.6
4569	17.7
4570	17.7
4571	17.7
4572	17.7
4573	17.7
4574	17.7
4575	17.7
4576	17.7
4577	17.7
4578	17.7
4579	17.7
4580	17.7
4581	17.7
4582	17.7
4583	17.7
4584	17.7
4585	17.7
4586	17.7
4587	17.7
4588	17.7
4589	17.7
4590	17.7
4591	17.7
4592	17.7
4593	17.7
4594	17.7
4595	17.7
4596	17.7
4597	17.7
4598	17.7
4599	17.7
4600	17.7
4601	17.7
4602	17.7
4603	17.7
4604	17.7
4605	17.7
4606	17.7
4607	17.7
4608	17.7
4609	17.7
4610	17.7
4611	17.7
4612	17.7
4613	17.7
4614	17.7
4615	17.7
4616	17.6
4617	17.6
4618	17.6
4619	17.6
4620	17.6
4621	17.6
4622	17.6
4623	17.6
4624	17.6
4625	17.6
4626	17.6
4627	17.6
4628	17.6
4629	17.6
4630	17.6
4631	17.6
4632	17.6
4633	17.6
4634	17.6
4635	17.6
4636	17.5
4637	17.6
4638	17.5
4639	17.5
4640	17.5
4641	17.5
4642	17.5
4643	17.5
4644	17.5
4645	17.5
4646	17.5
4647	17.5
4648	17.4
4649	17.4
4650	17.4
4651	17.4
4652	17.4
4653	17.4
4654	17.4
4655	17.3
4656	17.4
4657	17.3
4658	17.3
4659	17.3
4660	17.3
4661	17.3
4662	17.2
4663	17.2
4664	17.2
4665	17.2
4666	17.2
4667	17.2
4668	17.2
4669	17.2
4670	17.2
4671	17.2
4672	17.2
4673	17.1
4674	17.1
4675	17.1
4676	17.1
4677	17.1
4678	17.1
4679	17.1
4680	17
4681	17
4682	17
4683	17
4684	17
4685	17
4686	17
4687	17
4688	17
4689	17
4690	16.9
4691	16.9
4692	16.9
4693	16.9
4694	16.9
4695	16.9
4696	16.9
4697	16.9
4698	16.8
4699	16.8
4700	16.8
4701	16.8
4702	16.8
4703	16.8
4704	16.8
4705	16.8
4706	16.7
4707	16.8
4708	16.7
4709	16.7
4710	16.7
4711	16.7
4712	16.7
4713	16.7
4714	16.7
4715	16.7
4716	16.6
4717	16.6
4718	16.6
4719	16.6
4720	16.6
4721	16.6
4722	16.6
4723	16.6
4724	16.6
4725	16.5
4726	16.5
4727	16.5
4728	16.5
4729	16.5
4730	16.5
4731	16.5
4732	16.5
4733	16.5
4734	16.5
4735	16.5
4736	16.5
4737	16.5
4738	16.5
4739	16.4
4740	16.4
4741	16.4
4742	16.4
4743	16.4
4744	16.4
4745	16.4
4746	16.4
4747	16.4
4748	16.4
4749	16.4
4750	16.4
4751	16.4
4752	16.4
4753	16.4
4754	16.4
4755	16.4
4756	16.4
4757	16.4
4758	16.4
4759	16.4
4760	16.4
4761	16.4
4762	16.5
4763	16.4
4764	16.4
4765	16.5
4766	16.4
4767	16.5
4768	16.5
4769	16.5
4770	16.5
4771	16.5
4772	16.5
4773	16.5
4774	16.5
4775	16.5
4776	16.5
4777	16.5
4778	16.5
4779	16.5
4780	16.5
4781	16.5
4782	16.5
4783	16.5
4784	16.5
4785	16.5
4786	16.5
4787	16.5
4788	16.5
4789	16.5
4790	16.5
4791	16.5
4792	16.5
4793	16.5
4794	16.5
4795	16.5
4796	16.5
4797	16.5
4798	16.5
4799	16.5
4800	16.5
4801	16.5
4802	16.5
4803	16.5
4804	16.5
4805	16.5
4806	16.5
4807	16.5
4808	16.5
4809	16.5
4810	16.5
4811	16.5
4812	16.5
4813	16.5
4814	16.5
4815	16.5
4816	16.5
4817	16.5
4818	16.5
4819	16.5
4820	16.5
4821	16.5
4822	16.5
4823	16.5
4824	16.5
4825	16.6
4826	16.6
4827	16.6
4828	16.6
4829	16.6
4830	16.6
4831	16.7
4832	16.7
4833	16.7
4834	16.7
4835	16.8
4836	16.8
4837	16.8
4838	16.9
4839	16.9
4840	16.9
4841	16.9
4842	16.9
4843	17
4844	17
4845	17
4846	17.1
4847	17.1
4848	17.1
4849	17.1
4850	17.1
4851	17.2
4852	17.2
4853	17.2
4854	17.2
4855	17.2
4856	17.3
4857	17.3
4858	17.3
4859	17.3
4860	17.4
4861	17.4
4862	17.4
4863	17.4
4864	17.4
4865	17.5
4866	17.5
4867	17.5
4868	17.5
4869	17.5
4870	17.5
4871	17.5
4872	17.6
4873	17.6
4874	17.6
4875	17.6
4876	17.6
4877	17.6
4878	17.7
4879	17.7
4880	17.7
4881	17.7
4882	17.8
4883	17.8
4884	17.8
4885	17.8
4886	17.8
4887	17.8
4888	17.8
4889	17.9
4890	17.9
4891	17.9
4892	17.9
4893	17.9
4894	17.9
4895	18
4896	18
4897	18
4898	18
4899	18
4900	18.1
4901	18.1
4902	18.1
4903	18.1
4904	18.2
4905	18.2
4906	18.2
4907	18.2
4908	18.2
4909	18.3
4910	18.3
4911	18.3
4912	18.3
4913	18.3
4914	18.3
4915	18.3
4916	18.3
4917	18.3
4918	18.3
4919	18.3
4920	18.3
4921	18.4
4922	18.4
4923	18.4
4924	18.4
4925	18.4
4926	18.4
4927	18.4
4928	18.4
4929	18.4
4930	18.5
4931	18.5
4932	18.5
4933	18.5
4934	18.5
4935	18.5
4936	18.6
4937	18.6
4938	18.6
4939	18.6
4940	18.6
4941	18.7
4942	18.7
4943	18.7
4944	18.7
4945	18.7
4946	18.7
4947	18.7
4948	18.7
4949	18.8
4950	18.8
4951	18.8
4952	18.9
4953	18.9
4954	18.9
4955	19
4956	19
4957	19
4958	19
4959	19
4960	19
4961	19
4962	19
4963	19
4964	19.1
4965	19.1
4966	19.1
4967	19.1
4968	19.1
4969	19.1
4970	19.1
4971	19.1
4972	19.1
4973	19.1
4974	19.1
4975	19.1
4976	19.1
4977	19.1
4978	19.2
4979	19.2
4980	19.2
4981	19.2
4982	19.2
4983	19.2
4984	19.2
4985	19.2
4986	19.2
4987	19.2
4988	19.3
4989	19.3
4990	19.3
4991	19.4
4992	19.4
4993	19.5
4994	19.5
4995	19.5
4996	19.5
4997	19.5
4998	19.5
4999	19.5
5000	19.5
5001	19.4
5002	19.4
5003	19.4
5004	19.4
5005	19.4
5006	19.4
5007	19.4
5008	19.4
5009	19.4
5010	19.4
5011	19.4
5012	19.4
5013	19.5
5014	19.5
5015	19.5
5016	19.6
5017	19.6
5018	19.6
5019	19.6
5020	19.7
5021	19.7
5022	19.7
5023	19.7
5024	19.8
5025	19.8
5026	19.8
5027	19.8
5028	19.8
5029	19.8
5030	19.8
5031	19.8
5032	19.8
5033	19.8
5034	19.8
5035	19.8
5036	19.8
5037	19.8
5038	19.9
5039	20
5040	20
5041	20.1
5042	20.1
5043	20.2
5044	20.2
5045	20.3
5046	20.3
5047	20.3
5048	20.3
5049	20.3
5050	20.3
5051	20.3
5052	20.4
5053	20.4
5054	20.5
5055	20.5
5056	20.5
5057	20.5
5058	20.5
5059	20.5
5060	20.5
5061	20.5
5062	20.5
5063	20.5
5064	20.6
5065	20.6
5066	20.7
5067	20.7
5068	20.8
5069	20.8
5070	20.8
5071	20.9
5072	20.9
5073	20.9
5074	20.9
5075	21
5076	21
5077	21
5078	21.1
5079	21.1
5080	21.1
5081	21.1
5082	21.1
5083	21.2
5084	21.1
5085	21.1
5086	21.2
5087	21.2
5088	21.2
5089	21.2
5090	21.2
5091	21.2
5092	21.2
5093	21.3
5094	21.3
5095	21.3
5096	21.4
5097	21.4
5098	21.5
5099	21.5
5100	21.5
5101	21.5
5102	21.6
5103	21.5
5104	21.5
5105	21.5
5106	21.5
5107	21.5
5108	21.5
5109	21.5
5110	21.4
5111	21.4
5112	21.4
5113	21.3
5114	21.3
5115	21.3
5116	21.3
5117	21.3
5118	21.2
5119	21.2
5120	21.2
5121	21.2
5122	21.1
5123	21.1
5124	21.1
5125	21.1
5126	21
5127	21
5128	21
5129	21
5130	21
5131	21
5132	21
5133	21
5134	21
5135	20.9
5136	20.9
5137	20.9
5138	20.9
5139	20.9
5140	20.9
5141	20.9
5142	20.8
5143	20.9
5144	20.8
5145	20.8
5146	20.8
5147	20.8
5148	20.8
5149	20.8
5150	20.8
5151	20.7
5152	20.7
5153	20.7
5154	20.7
5155	20.7
5156	20.7
5157	20.7
5158	20.7
5159	20.7
5160	20.7
5161	20.7
5162	20.8
5163	20.8
5164	20.8
5165	20.8
5166	20.8
5167	20.8
5168	20.8
5169	20.8
5170	20.8
5171	20.8
5172	20.9
5173	20.9
5174	20.9
5175	20.9
5176	20.8
5177	20.8
5178	20.8
5179	20.8
5180	20.8
5181	20.8
5182	20.8
5183	20.8
5184	20.8
5185	20.8
5186	20.8
5187	20.8
5188	20.8
5189	20.7
5190	20.7
5191	20.7
5192	20.7
5193	20.7
5194	20.7
5195	20.7
5196	20.7
5197	20.7
5198	20.7
5199	20.6
5200	20.6
5201	20.6
5202	20.6
5203	20.5
5204	20.5
5205	20.5
5206	20.5
5207	20.5
5208	20.4
5209	20.4
5210	20.4
5211	20.4
5212	20.4
5213	20.4
5214	20.3
5215	20.3
5216	20.3
5217	20.3
5218	20.3
5219	20.2
5220	20.2
5221	20.2
5222	20.2
5223	20.1
5224	20.1
5225	20.1
5226	20.1
5227	20.1
5228	20
5229	20
5230	20
5231	20
5232	20
5233	20
5234	20
5235	20
5236	19.9
5237	19.9
5238	19.9
5239	19.9
5240	19.9
5241	19.8
5242	19.8
5243	19.8
5244	19.7
5245	19.7
5246	19.7
5247	19.7
5248	19.7
5249	19.7
5250	19.7
5251	19.7
5252	19.7
5253	19.6
5254	19.6
5255	19.6
5256	19.6
5257	19.6
5258	19.6
5259	19.6
5260	19.5
5261	19.5
5262	19.5
5263	19.5
5264	19.5
5265	19.5
5266	19.5
5267	19.5
5268	19.5
5269	19.5
5270	19.4
5271	19.5
5272	19.4
5273	19.4
5274	19.4
5275	19.4
5276	19.4
5277	19.4
5278	19.4
5279	19.4
5280	19.4
5281	19.4
5282	19.4
5283	19.4
5284	19.4
5285	19.4
5286	19.4
5287	19.4
5288	19.4
5289	19.4
5290	19.4
5291	19.4
5292	19.4
5293	19.4
5294	19.5
5295	19.5
5296	19.5
5297	19.5
5298	19.5
5299	19.5
5300	19.6
5301	19.6
5302	19.6
5303	19.6
5304	19.6
5305	19.6
5306	19.7
5307	19.6
5308	19.7
5309	19.7
5310	19.7
5311	19.7
5312	19.8
5313	19.8
5314	19.8
5315	19.8
5316	19.8
5317	19.8
5318	19.8
5319	19.8
5320	19.8
5321	19.8
5322	19.8
5323	19.8
5324	19.8
5325	19.8
5326	19.8
5327	19.8
5328	19.8
5329	19.8
5330	19.8
5331	19.8
5332	19.8
5333	19.8
5334	19.8
5335	19.8
5336	19.8
5337	19.8
5338	19.8
5339	19.8
5340	19.8
5341	19.8
5342	19.8
5343	19.8
5344	19.8
5345	19.8
5346	19.8
5347	19.8
5348	19.8
5349	19.8
5350	19.8
5351	19.8
5352	19.8
5353	19.7
5354	19.7
5355	19.7
5356	19.7
5357	19.7
5358	19.7
5359	19.7
5360	19.7
5361	19.6
5362	19.6
5363	19.6
5364	19.6
5365	19.6
5366	19.6
5367	19.6
5368	19.5
5369	19.5
5370	19.5
5371	19.5
5372	19.5
5373	19.4
5374	19.4
5375	19.4
5376	19.4
5377	19.4
5378	19.4
5379	19.4
5380	19.3
5381	19.3
5382	19.3
5383	19.3
5384	19.3
5385	19.3
5386	19.3
5387	19.3
5388	19.2
5389	19.2
5390	19.2
5391	19.2
5392	19.2
5393	19.3
5394	19.2
5395	19.3
5396	19.3
5397	19.3
5398	19.3
5399	19.3
5400	19.3
5401	19.3
5402	19.3
5403	19.3
5404	19.3
5405	19.3
5406	19.3
5407	19.3
5408	19.3
5409	19.3
5410	19.3
5411	19.3
5412	19.3
5413	19.3
5414	19.3
5415	19.3
5416	19.3
5417	19.3
5418	19.3
5419	19.3
5420	19.3
5421	19.3
5422	19.3
5423	19.3
5424	19.3
5425	19.3
5426	19.3
5427	19.3
5428	19.3
5429	19.3
5430	19.3
5431	19.2
5432	19.2
5433	19.3
5434	19.2
5435	19.2
5436	19.2
5437	19.2
5438	19.2
5439	19.2
5440	19.2
5441	19.2
5442	19.2
5443	19.2
5444	19.2
5445	19.2
5446	19.2
5447	19.2
5448	19.2
5449	19.2
5450	19.2
5451	19.2
5452	19.2
5453	19.2
5454	19.2
5455	19.2
5456	19.2
5457	19.2
5458	19.2
5459	19.2
5460	19.2
5461	19.2
5462	19.2
5463	19.2
5464	19.2
5465	19.2
5466	19.2
5467	19.2
5468	19.2
5469	19.2
5470	19.2
5471	19.2
5472	19.2
5473	19.2
5474	19.2
5475	19.2
5476	19.2
5477	19.2
5478	19.2
5479	19.2
5480	19.2
5481	19.2
5482	19.2
5483	19.2
5484	19.2
5485	19.2
5486	19.2
5487	19.2
5488	19.2
5489	19.2
5490	19.3
5491	19.2
5492	19.2
5493	19.2
5494	19.2
5495	19.2
5496	19.3
5497	19.3
5498	19.2
5499	19.2
5500	19.2
5501	19.3
5502	19.3
5503	19.3
5504	19.3
5505	19.3
5506	19.3
5507	19.3
5508	19.3
5509	19.3
5510	19.3
5511	19.3
5512	19.3
5513	19.3
5514	19.3
5515	19.3
5516	19.3
5517	19.4
5518	19.4
5519	19.4
5520	19.4
5521	19.4
5522	19.4
5523	19.4
5524	19.4
5525	19.3
5526	19.3
5527	19.3
5528	19.3
5529	19.3
5530	19.3
5531	19.3
5532	19.3
5533	19.3
5534	19.3
5535	19.3
5536	19.3
5537	19.3
5538	19.3
5539	19.3
5540	19.3
5541	19.3
5542	19.3
5543	19.3
5544	19.3
5545	19.3
5546	19.3
5547	19.3
5548	19.2
5549	19.2
5550	19.2
5551	19.2
5552	19.2
5553	19.2
5554	19.2
5555	19.1
5556	19.2
5557	19.2
5558	19.1
5559	19.1
5560	19.1
5561	19.1
5562	19.1
5563	19.1
5564	19
5565	19
5566	19
5567	19
5568	19
5569	19
5570	19
5571	19
5572	18.9
5573	19
5574	18.9
5575	18.9
5576	18.9
5577	18.9
5578	18.9
5579	18.9
5580	18.8
5581	18.8
5582	18.8
5583	18.8
5584	18.8
5585	18.8
5586	18.8
5587	18.7
5588	18.7
5589	18.7
5590	18.7
5591	18.7
5592	18.7
5593	18.6
5594	18.6
5595	18.6
5596	18.6
5597	18.6
5598	18.5
5599	18.5
5600	18.5
5601	18.5
5602	18.5
5603	18.5
5604	18.5
5605	18.4
5606	18.4
5607	18.4
5608	18.4
5609	18.4
5610	18.4
5611	18.3
5612	18.3
5613	18.3
5614	18.3
5615	18.3
5616	18.2
5617	18.2
5618	18.2
5619	18.2
5620	18.2
5621	18.2
5622	18.1
5623	18.1
5624	18.1
5625	18.1
5626	18
5627	18
5628	18
5629	18
5630	18
5631	17.9
5632	17.9
5633	17.9
5634	17.9
5635	17.8
5636	17.8
5637	17.8
5638	17.8
5639	17.8
5640	17.7
5641	17.7
5642	17.7
5643	17.7
5644	17.7
5645	17.7
5646	17.7
5647	17.6
5648	17.6
5649	17.6
5650	17.6
5651	17.6
5652	17.6
5653	17.6
5654	17.6
5655	17.5
5656	17.5
5657	17.5
5658	17.5
5659	17.5
5660	17.5
5661	17.5
5662	17.5
5663	17.4
5664	17.4
5665	17.4
5666	17.4
5667	17.4
5668	17.4
5669	17.4
5670	17.4
5671	17.4
5672	17.4
5673	17.4
5674	17.4
5675	17.4
5676	17.4
5677	17.4
5678	17.4
5679	17.4
5680	17.4
5681	17.4
5682	17.4
5683	17.4
5684	17.4
5685	17.4
5686	17.5
5687	17.5
5688	17.5
5689	17.5
5690	17.5
5691	17.5
5692	17.5
5693	17.6
5694	17.6
5695	17.6
5696	17.6
5697	17.6
5698	17.6
5699	17.6
5700	17.6
5701	17.6
5702	17.6
5703	17.6
5704	17.6
5705	17.6
5706	17.6
5707	17.6
5708	17.6
5709	17.6
5710	17.6
5711	17.6
5712	17.6
5713	17.6
5714	17.6
5715	17.6
5716	17.6
5717	17.6
5718	17.6
5719	17.6
5720	17.6
5721	17.6
5722	17.6
5723	17.6
5724	17.6
5725	17.6
5726	17.6
5727	17.6
5728	17.6
5729	17.6
5730	17.6
5731	17.6
5732	17.6
5733	17.6
5734	17.6
5735	17.6
5736	17.6
5737	17.6
5738	17.6
5739	17.6
5740	17.6
5741	17.5
5742	17.5
5743	17.5
5744	17.5
5745	17.5
5746	17.5
5747	17.5
5748	17.5
5749	17.4
5750	17.4
5751	17.4
5752	17.4
5753	17.4
5754	17.4
5755	17.3
5756	17.3
5757	17.3
5758	17.3
5759	17.3
5760	17.3
5761	17.2
5762	17.2
5763	17.2
5764	17.2
5765	17.2
5766	17.2
5767	17.2
5768	17.1
5769	17.1
5770	17.1
5771	17.1
5772	17.1
5773	17.1
5774	17
5775	17
5776	17
5777	17
5778	17
5779	17
5780	17
5781	17
5782	16.9
5783	16.9
5784	16.9
5785	16.9
5786	16.9
5787	16.9
5788	16.8
5789	16.8
5790	16.8
5791	16.8
5792	16.8
5793	16.8
5794	16.8
5795	16.7
5796	16.7
5797	16.7
5798	16.7
5799	16.7
5800	16.7
5801	16.7
5802	16.6
5803	16.6
5804	16.6
5805	16.6
5806	16.6
5807	16.6
5808	16.6
5809	16.5
5810	16.5
5811	16.5
5812	16.5
5813	16.5
5814	16.5
5815	16.5
5816	16.5
5817	16.4
5818	16.4
5819	16.4
5820	16.4
5821	16.4
5822	16.4
5823	16.3
5824	16.3
5825	16.3
5826	16.3
5827	16.3
5828	16.3
5829	16.2
5830	16.2
5831	16.2
5832	16.2
5833	16.2
5834	16.2
5835	16.2
5836	16.2
5837	16.1
5838	16.1
5839	16.1
5840	16.1
5841	16.1
5842	16
5843	16
5844	16
5845	16
5846	16
5847	16
5848	16
5849	16
5850	15.9
5851	15.9
5852	15.9
5853	15.9
5854	15.9
5855	15.9
5856	15.9
5857	15.8
5858	15.9
5859	15.8
5860	15.8
5861	15.8
5862	15.8
5863	15.8
5864	15.8
5865	15.8
5866	15.8
5867	15.7
5868	15.8
5869	15.7
5870	15.7
5871	15.7
5872	15.7
5873	15.7
5874	15.7
5875	15.7
5876	15.6
5877	15.6
5878	15.6
5879	15.6
5880	15.6
5881	15.6
5882	15.6
5883	15.6
5884	15.5
5885	15.5
5886	15.5
5887	15.5
5888	15.5
5889	15.5
5890	15.5
5891	15.4
5892	15.4
5893	15.4
5894	15.4
5895	15.4
5896	15.4
5897	15.3
5898	15.3
5899	15.3
5900	15.3
5901	15.2
5902	15.2
5903	15.2
5904	15.2
5905	15.2
5906	15.2
5907	15.2
5908	15.1
5909	15.1
5910	15.1
5911	15.1
5912	15
5913	15
5914	15
5915	15
5916	15
5917	15
5918	14.9
5919	14.9
5920	14.9
5921	14.8
5922	14.8
5923	14.8
5924	14.8
5925	14.8
5926	14.8
5927	14.7
5928	14.7
5929	14.7
5930	14.7
5931	14.7
5932	14.7
5933	14.6
5934	14.6
5935	14.6
5936	14.6
5937	14.6
5938	14.5
5939	14.5
5940	14.5
5941	14.4
5942	14.4
5943	14.4
5944	14.4
5945	14.4
5946	14.4
5947	14.3
5948	14.3
5949	14.3
5950	14.2
5951	14.2
5952	14.2
5953	14.2
5954	14.2
5955	14.2
5956	14.2
5957	14.1
5958	14.1
5959	14.1
5960	14.1
5961	14.1
5962	14
5963	14
5964	14
5965	14
5966	13.9
5967	13.9
5968	13.9
5969	13.9
5970	13.9
5971	13.9
5972	13.9
5973	13.8
5974	13.8
5975	13.8
5976	13.8
5977	13.8
5978	13.7
5979	13.7
5980	13.7
5981	13.7
5982	13.6
5983	13.6
5984	13.6
5985	13.6
5986	13.6
5987	13.6
5988	13.6
5989	13.5
5990	13.5
5991	13.5
5992	13.5
5993	13.5
5994	13.5
5995	13.5
5996	13.5
5997	13.4
5998	13.4
5999	13.4
6000	13.4
6001	13.4
6002	13.4
6003	13.4
6004	13.4
6005	13.3
6006	13.3
6007	13.3
6008	13.3
6009	13.3
6010	13.3
6011	13.2
6012	13.3
6013	13.2
6014	13.2
6015	13.2
6016	13.2
6017	13.2
6018	13.2
6019	13.1
6020	13.1
6021	13.1
6022	13.1
6023	13.1
6024	13
6025	13
6026	13
6027	13
6028	13
6029	13
6030	13
6031	12.9
6032	13
6033	12.9
6034	12.9
6035	12.9
6036	12.9
6037	12.9
6038	12.8
6039	12.8
6040	12.8
6041	12.8
6042	12.8
6043	12.8
6044	12.8
6045	12.8
6046	12.8
6047	12.8
6048	12.7
6049	12.7
6050	12.7
6051	12.7
6052	12.7
6053	12.7
6054	12.7
6055	12.7
6056	12.6
6057	12.6
6058	12.6
6059	12.6
6060	12.6
6061	12.6
6062	12.6
6063	12.5
6064	12.5
6065	12.5
6066	12.5
6067	12.5
6068	12.5
6069	12.5
6070	12.5
6071	12.5
6072	12.5
6073	12.5
6074	12.5
6075	12.5
6076	12.5
6077	12.5
6078	12.5
6079	12.5
6080	12.5
6081	12.4
6082	12.5
6083	12.4
6084	12.5
6085	12.5
6086	12.5
6087	12.5
6088	12.5
6089	12.5
6090	12.5
6091	12.5
6092	12.5
6093	12.5
6094	12.5
6095	12.5
6096	12.6
6097	12.6
6098	12.6
6099	12.6
6100	12.6
6101	12.7
6102	12.7
6103	12.7
6104	12.7
6105	12.7
6106	12.8
6107	12.8
6108	12.8
6109	12.8
6110	12.9
6111	12.9
6112	12.9
6113	12.9
6114	12.9
6115	13
6116	13
6117	13
6118	13
6119	13
6120	13.1
6121	13.1
6122	13.1
6123	13.1
6124	13.2
6125	13.2
6126	13.2
6127	13.2
6128	13.2
6129	13.3
6130	13.3
6131	13.3
6132	13.3
6133	13.4
6134	13.4
6135	13.4
6136	13.4
6137	13.4
6138	13.4
6139	13.5
6140	13.5
6141	13.5
6142	13.5
6143	13.6
6144	13.6
6145	13.6
6146	13.7
6147	13.7
6148	13.7
6149	13.7
6150	13.7
6151	13.8
6152	13.8
6153	13.8
6154	13.9
6155	13.9
6156	13.9
6157	13.9
6158	14
6159	14
6160	14
6161	14
6162	14
6163	14
6164	14.1
6165	14.1
6166	14.1
6167	14.1
6168	14.2
6169	14.2
6170	14.2
6171	14.2
6172	14.3
6173	14.3
6174	14.3
6175	14.4
6176	14.4
6177	14.4
6178	14.4
6179	14.4
6180	14.4
6181	14.5
6182	14.5
6183	14.5
6184	14.6
6185	14.6
6186	14.6
6187	14.6
6188	14.7
6189	14.7
6190	14.7
6191	14.7
6192	14.8
6193	14.8
6194	14.8
6195	14.9
6196	14.9
6197	14.9
6198	14.9
6199	14.9
6200	15
6201	15
6202	15
6203	15.1
6204	15
6205	15.1
6206	15.1
6207	15.1
6208	15.1
6209	15.2
6210	15.2
6211	15.2
6212	15.2
6213	15.2
6214	15.3
6215	15.3
6216	15.3
6217	15.3
6218	15.3
6219	15.4
6220	15.4
6221	15.4
6222	15.5
6223	15.5
6224	15.5
6225	15.5
6226	15.6
6227	15.6
6228	15.6
6229	15.6
6230	15.6
6231	15.7
6232	15.7
6233	15.7
6234	15.7
6235	15.7
6236	15.7
6237	15.8
6238	15.8
6239	15.8
6240	15.9
6241	15.9
6242	15.9
6243	15.9
6244	16
6245	16
6246	16
6247	16
6248	16
6249	16.1
6250	16.1
6251	16.1
6252	16.1
6253	16.1
6254	16.2
6255	16.2
6256	16.2
6257	16.2
6258	16.2
6259	16.2
6260	16.3
6261	16.3
6262	16.3
6263	16.3
6264	16.3
6265	16.4
6266	16.4
6267	16.4
6268	16.4
6269	16.4
6270	16.5
6271	16.5
6272	16.5
6273	16.5
6274	16.6
6275	16.6
6276	16.7
6277	16.7
6278	16.7
6279	16.7
6280	16.8
6281	16.8
6282	16.8
6283	16.9
6284	16.9
6285	16.9
6286	16.9
6287	17
6288	17
6289	17
6290	17.1
6291	17.1
6292	17.1
6293	17.1
6294	17.1
6295	17.1
6296	17.2
6297	17.2
6298	17.2
6299	17.2
6300	17.2
6301	17.2
6302	17.2
6303	17.3
6304	17.3
6305	17.3
6306	17.3
6307	17.3
6308	17.3
6309	17.4
6310	17.4
6311	17.4
6312	17.4
6313	17.4
6314	17.4
6315	17.4
6316	17.4
6317	17.5
6318	17.4
6319	17.5
6320	17.5
6321	17.5
6322	17.5
6323	17.5
6324	17.5
6325	17.5
6326	17.5
6327	17.5
6328	17.6
6329	17.6
6330	17.6
6331	17.6
6332	17.6
6333	17.6
6334	17.6
6335	17.6
6336	17.6
6337	17.6
6338	17.6
6339	17.7
6340	17.7
6341	17.7
6342	17.7
6343	17.8
6344	17.8
6345	17.8
6346	17.9
6347	17.9
6348	17.9
6349	17.9
6350	18
6351	18
6352	18
6353	18.1
6354	18.1
6355	18.1
6356	18.2
6357	18.2
6358	18.2
6359	18.3
6360	18.3
6361	18.3
6362	18.3
6363	18.4
6364	18.4
6365	18.4
6366	18.5
6367	18.5
6368	18.5
6369	18.5
6370	18.6
6371	18.6
6372	18.6
6373	18.7
6374	18.7
6375	18.8
6376	18.8
6377	18.8
6378	18.8
6379	18.9
6380	18.9
6381	18.9
6382	18.9
6383	18.9
6384	18.9
6385	18.9
6386	19
6387	19
6388	18.9
6389	19
6390	18.9
6391	19
6392	19
6393	19
6394	19.1
6395	19.1
6396	19.1
6397	19.1
6398	19.1
6399	19.1
6400	19.1
6401	19.1
6402	19.2
6403	19.2
6404	19.3
6405	19.3
6406	19.3
6407	19.4
6408	19.4
6409	19.4
6410	19.4
6411	19.5
6412	19.5
6413	19.6
6414	19.6
6415	19.6
6416	19.7
6417	19.7
6418	19.7
6419	19.7
6420	19.8
6421	19.8
6422	19.8
6423	19.9
6424	19.9
6425	20
6426	20
6427	20
6428	20
6429	20
6430	20.1
6431	20.1
6432	20.1
6433	20.1
6434	20.2
6435	20.2
6436	20.2
6437	20.2
6438	20.3
6439	20.3
6440	20.3
6441	20.3
6442	20.3
6443	20.4
6444	20.4
6445	20.4
6446	20.4
6447	20.4
6448	20.5
6449	20.5
6450	20.5
6451	20.5
6452	20.6
6453	20.6
6454	20.6
6455	20.6
6456	20.7
6457	20.7
6458	20.7
6459	20.7
6460	20.7
6461	20.8
6462	20.8
6463	20.8
6464	20.8
6465	20.9
6466	20.9
6467	20.9
6468	20.9
6469	20.9
6470	20.9
6471	21
6472	21
6473	21
6474	21
6475	21.1
6476	21.1
6477	21.1
6478	21.1
6479	21.1
6480	21.2
6481	21.2
6482	21.2
6483	21.3
6484	21.3
6485	21.3
6486	21.3
6487	21.3
6488	21.3
6489	21.3
6490	21.2
6491	21.2
6492	21.3
6493	21.3
6494	21.4
6495	21.4
6496	21.4
6497	21.5
6498	21.5
6499	21.5
6500	21.5
6501	21.5
6502	21.5
6503	21.6
6504	21.6
6505	21.6
6506	21.6
6507	21.6
6508	21.6
6509	21.7
6510	21.7
6511	21.7
6512	21.7
6513	21.8
6514	21.8
6515	21.8
6516	21.8
6517	21.8
6518	21.8
6519	21.8
6520	21.9
6521	21.9
6522	21.9
6523	21.9
6524	21.9
6525	21.9
6526	21.9
6527	21.9
6528	21.8
6529	21.8
6530	21.8
6531	21.8
6532	21.7
6533	21.7
6534	21.7
6535	21.7
6536	21.7
6537	21.7
6538	21.7
6539	21.7
6540	21.8
6541	21.8
6542	21.8
6543	21.9
6544	21.9
6545	21.9
6546	22
6547	22
6548	22
6549	22.1
6550	22.1
6551	22.1
6552	22.1
6553	22.1
6554	22.1
6555	22.1
6556	22.1
6557	22.1
6558	22.1
6559	22.1
6560	22
6561	22
6562	22
6563	22
6564	22
6565	22
6566	22
6567	22
6568	22
6569	22.1
6570	22.1
6571	22.1
6572	22.1
6573	22.1
6574	22.1
6575	22.2
6576	22.2
6577	22.2
6578	22.2
6579	22.2
6580	22.2
6581	22.2
6582	22.1
6583	22.1
6584	22.1
6585	22.1
6586	22.2
6587	22.2
6588	22.2
6589	22.2
6590	22.3
6591	22.3
6592	22.3
6593	22.3
6594	22.3
6595	22.4
6596	22.4
6597	22.4
6598	22.4
6599	22.4
6600	22.4
6601	22.5
6602	22.5
6603	22.5
6604	22.6
6605	22.6
6606	22.6
6607	22.6
6608	22.6
6609	22.6
6610	22.6
6611	22.6
6612	22.6
6613	22.6
6614	22.5
6615	22.5
6616	22.5
6617	22.5
6618	22.5
6619	22.5
6620	22.5
6621	22.5
6622	22.5
6623	22.5
6624	22.5
6625	22.5
6626	22.6
6627	22.6
6628	22.6
6629	22.7
6630	22.7
6631	22.6
6632	22.7
6633	22.7
6634	22.7
6635	22.7
6636	22.6
6637	22.6
6638	22.7
6639	22.8
6640	22.8
6641	22.8
6642	22.8
6643	22.8
6644	22.9
6645	22.9
6646	22.9
6647	22.9
6648	22.9
6649	22.9
6650	22.9
6651	23
6652	23
6653	23
6654	23
6655	23
6656	23
6657	23
6658	23
6659	23
6660	23.1
6661	23.1
6662	23.1
6663	23.1
6664	23.1
6665	23
6666	23
6667	23.1
6668	23
6669	23
6670	23
6671	23.1
6672	23.1
6673	23.1
6674	23.1
6675	23.2
6676	23.2
6677	23.2
6678	23.2
6679	23.3
6680	23.2
6681	23.1
6682	23.1
6683	23.1
6684	23.1
6685	23.1
6686	23.2
6687	23.2
6688	23.2
6689	23.2
6690	23.2
6691	23.2
6692	23.2
6693	23.2
6694	23.2
6695	23.2
6696	23.2
6697	23.2
6698	23.2
6699	23.3
6700	23.2
6701	23.2
6702	23.2
6703	23.2
6704	23.2
6705	23.2
6706	23.2
6707	23.2
6708	23.2
6709	23.2
6710	23.2
6711	23.3
6712	23.3
6713	23.3
6714	23.4
6715	23.4
6716	23.4
6717	23.4
6718	23.4
6719	23.4
6720	23.4
6721	23.4
6722	23.4
6723	23.4
6724	23.5
6725	23.5
6726	23.5
6727	23.5
6728	23.5
6729	23.5
6730	23.5
6731	23.6
6732	23.6
6733	23.6
6734	23.6
6735	23.6
6736	23.5
6737	23.5
6738	23.5
6739	23.5
6740	23.5
6741	23.5
6742	23.5
6743	23.5
6744	23.5
6745	23.5
6746	23.6
6747	23.6
6748	23.6
6749	23.6
6750	23.7
6751	23.7
6752	23.7
6753	23.7
6754	23.7
6755	23.7
6756	23.7
6757	23.7
6758	23.7
6759	23.7
6760	23.7
6761	23.6
6762	23.6
6763	23.6
6764	23.6
6765	23.6
6766	23.7
6767	23.6
6768	23.6
6769	23.6
6770	23.6
6771	23.6
6772	23.6
6773	23.6
6774	23.6
6775	23.6
6776	23.6
6777	23.6
6778	23.6
6779	23.6
6780	23.6
6781	23.7
6782	23.7
6783	23.7
6784	23.7
6785	23.7
6786	23.7
6787	23.7
6788	23.7
6789	23.7
6790	23.7
6791	23.7
6792	23.7
6793	23.7
6794	23.7
6795	23.7
6796	23.6
6797	23.6
6798	23.6
6799	23.6
6800	23.6
6801	23.6
6802	23.6
6803	23.6
6804	23.6
6805	23.6
6806	23.6
6807	23.7
6808	23.7
6809	23.7
6810	23.7
6811	23.7
6812	23.7
6813	23.7
6814	23.7
6815	23.6
6816	23.6
6817	23.6
6818	23.7
6819	23.6
6820	23.7
6821	23.7
6822	23.7
6823	23.7
6824	23.7
6825	23.7
6826	23.7
6827	23.7
6828	23.7
6829	23.7
6830	23.7
6831	23.7
6832	23.7
6833	23.7
6834	23.7
6835	23.7
6836	23.7
6837	23.7
6838	23.7
6839	23.7
6840	23.7
6841	23.7
6842	23.7
6843	23.7
6844	23.7
6845	23.7
6846	23.6
6847	23.7
6848	23.6
6849	23.6
6850	23.6
6851	23.6
6852	23.6
6853	23.6
6854	23.7
6855	23.6
6856	23.7
6857	23.6
6858	23.6
6859	23.6
6860	23.7
6861	23.6
6862	23.6
6863	23.6
6864	23.6
6865	23.6
6866	23.6
6867	23.6
6868	23.6
6869	23.6
6870	23.6
6871	23.6
6872	23.6
6873	23.6
6874	23.6
6875	23.6
6876	23.6
6877	23.6
6878	23.6
6879	23.6
6880	23.6
6881	23.6
6882	23.6
6883	23.6
6884	23.6
6885	23.6
6886	23.6
6887	23.5
6888	23.5
6889	23.6
6890	23.5
6891	23.5
6892	23.5
6893	23.5
6894	23.5
6895	23.5
6896	23.5
6897	23.5
6898	23.5
6899	23.5
6900	23.5
6901	23.5
6902	23.5
6903	23.5
6904	23.5
6905	23.5
6906	23.5
6907	23.5
6908	23.5
6909	23.5
6910	23.5
6911	23.5
6912	23.5
6913	23.5
6914	23.5
6915	23.5
6916	23.5
6917	23.5
6918	23.5
6919	23.5
6920	23.5
6921	23.4
6922	23.4
6923	23.4
6924	23.4
6925	23.4
6926	23.4
6927	23.4
6928	23.4
6929	23.4
6930	23.4
6931	23.4
6932	23.4
6933	23.4
6934	23.4
6935	23.4
6936	23.4
6937	23.4
6938	23.4
6939	23.3
6940	23.3
6941	23.3
6942	23.3
6943	23.3
6944	23.3
6945	23.3
6946	23.3
6947	23.3
6948	23.3
6949	23.3
6950	23.3
6951	23.3
6952	23.3
6953	23.3
6954	23.3
6955	23.3
6956	23.2
6957	23.2
6958	23.2
6959	23.2
6960	23.2
6961	23.2
6962	23.2
6963	23.2
6964	23.2
6965	23.2
6966	23.2
6967	23.2
6968	23.2
6969	23.1
6970	23.1
6971	23.1
6972	23.1
6973	23.1
6974	23.1
6975	23
6976	23
6977	23
6978	23
6979	23
6980	23
6981	23
6982	23
6983	22.9
6984	23
6985	23
6986	22.9
6987	22.9
6988	22.9
6989	22.9
6990	22.9
6991	22.9
6992	22.8
6993	22.8
6994	22.8
6995	22.8
6996	22.8
6997	22.8
6998	22.8
6999	22.8
7000	22.7
7001	22.7
7002	22.7
7003	22.7
7004	22.7
7005	22.7
7006	22.7
7007	22.6
7008	22.6
7009	22.6
7010	22.6
7011	22.6
7012	22.6
7013	22.5
7014	22.5
7015	22.5
7016	22.4
7017	22.4
7018	22.4
7019	22.4
7020	22.4
7021	22.3
7022	22.3
7023	22.3
7024	22.3
7025	22.3
7026	22.2
7027	22.2
7028	22.2
7029	22.2
7030	22.2
7031	22.2
7032	22.1
7033	22.1
7034	22.1
7035	22.1
7036	22.1
7037	22.1
7038	22
7039	22
7040	22
7041	22
7042	22
7043	21.9
7044	21.9
7045	21.9
7046	21.9
7047	21.9
7048	21.9
7049	21.9
7050	21.9
7051	21.9
7052	21.9
7053	21.8
7054	21.8
7055	21.8
7056	21.8
7057	21.7
7058	21.7
7059	21.7
7060	21.7
7061	21.7
7062	21.7
7063	21.7
7064	21.6
7065	21.6
7066	21.6
7067	21.6
7068	21.6
7069	21.5
7070	21.5
7071	21.5
7072	21.5
7073	21.4
7074	21.4
7075	21.5
7076	21.4
7077	21.4
7078	21.4
7079	21.4
7080	21.3
7081	21.3
7082	21.3
7083	21.3
7084	21.3
7085	21.3
7086	21.3
7087	21.3
7088	21.2
7089	21.2
7090	21.2
7091	21.2
7092	21.2
7093	21.2
7094	21.2
7095	21.1
7096	21.1
7097	21.1
7098	21.1
7099	21.1
7100	21.1
7101	21.1
7102	21
7103	21
7104	21
7105	21
7106	21
7107	21
7108	21
7109	21
7110	21
7111	21
7112	20.9
7113	20.9
7114	20.9
7115	20.9
7116	20.9
7117	20.8
7118	20.8
7119	20.8
7120	20.8
7121	20.8
7122	20.8
7123	20.8
7124	20.8
7125	20.8
7126	20.7
7127	20.7
7128	20.7
7129	20.7
7130	20.7
7131	20.6
7132	20.7
7133	20.6
7134	20.6
7135	20.6
7136	20.6
7137	20.6
7138	20.6
7139	20.6
7140	20.6
7141	20.6
7142	20.5
7143	20.6
7144	20.6
7145	20.6
7146	20.6
7147	20.6
7148	20.6
7149	20.5
7150	20.5
7151	20.5
7152	20.5
7153	20.5
7154	20.4
7155	20.5
7156	20.5
7157	20.5
7158	20.5
7159	20.5
7160	20.5
7161	20.5
7162	20.5
7163	20.5
7164	20.5
7165	20.5
7166	20.5
7167	20.5
7168	20.5
7169	20.5
7170	20.5
7171	20.5
7172	20.5
7173	20.5
7174	20.5
7175	20.5
7176	20.5
7177	20.5
7178	20.5
7179	20.6
7180	20.6
7181	20.6
7182	20.6
7183	20.6
7184	20.6
7185	20.6
7186	20.6
7187	20.6
7188	20.6
7189	20.6
7190	20.6
7191	20.6
7192	20.6
7193	20.6
7194	20.6
7195	20.7
7196	20.6
7197	20.7
7198	20.6
7199	20.7
7200	20.7
7201	20.7
7202	20.7
7203	20.7
7204	20.7
7205	20.7
7206	20.7
7207	20.7
7208	20.7
7209	20.7
7210	20.7
7211	20.7
7212	20.7
7213	20.7
7214	20.7
7215	20.7
7216	20.7
7217	20.7
7218	20.7
7219	20.8
7220	20.8
7221	20.8
7222	20.8
7223	20.8
7224	20.8
7225	20.7
7226	20.8
7227	20.7
7228	20.7
7229	20.7
7230	20.7
7231	20.7
7232	20.7
7233	20.7
7234	20.7
7235	20.7
7236	20.7
7237	20.7
7238	20.7
7239	20.7
7240	20.7
7241	20.7
7242	20.7
7243	20.7
7244	20.7
7245	20.7
7246	20.7
7247	20.7
7248	20.7
7249	20.7
7250	20.7
7251	20.7
7252	20.7
7253	20.7
7254	20.7
7255	20.7
7256	20.7
7257	20.7
7258	20.6
7259	20.6
7260	20.6
7261	20.6
7262	20.6
7263	20.6
7264	20.6
7265	20.6
7266	20.6
7267	20.6
7268	20.6
7269	20.6
7270	20.6
7271	20.6
7272	20.6
7273	20.6
7274	20.5
7275	20.5
7276	20.5
7277	20.5
7278	20.5
7279	20.5
7280	20.5
7281	20.5
7282	20.5
7283	20.5
7284	20.5
7285	20.5
7286	20.5
7287	20.5
7288	20.5
7289	20.5
7290	20.5
7291	20.5
7292	20.5
7293	20.5
7294	20.5
7295	20.5
7296	20.5
7297	20.5
7298	20.5
7299	20.5
7300	20.5
7301	20.5
7302	20.5
7303	20.5
7304	20.4
7305	20.5
7306	20.5
7307	20.4
7308	20.4
7309	20.4
7310	20.4
7311	20.4
7312	20.4
7313	20.4
7314	20.4
7315	20.3
7316	20.3
7317	20.3
7318	20.3
7319	20.3
7320	20.2
7321	20.2
7322	20.2
7323	20.1
7324	20.1
7325	20.1
7326	20.1
7327	20
7328	20
7329	20
7330	19.9
7331	19.9
7332	19.9
7333	19.9
7334	19.8
7335	19.8
7336	19.8
7337	19.7
7338	19.7
7339	19.7
7340	19.7
7341	19.7
7342	19.7
7343	19.7
7344	19.6
7345	19.6
7346	19.6
7347	19.6
7348	19.6
7349	19.6
7350	19.6
7351	19.5
7352	19.5
7353	19.5
7354	19.5
7355	19.5
7356	19.5
7357	19.5
7358	19.4
7359	19.4
7360	19.4
7361	19.4
7362	19.4
7363	19.4
7364	19.3
7365	19.3
7366	19.3
7367	19.3
7368	19.3
7369	19.3
7370	19.3
7371	19.3
7372	19.3
7373	19.3
7374	19.2
7375	19.2
7376	19.2
7377	19.2
7378	19.2
7379	19.2
7380	19.2
7381	19.2
7382	19.1
7383	19.1
7384	19.1
7385	19.1
7386	19.1
7387	19
7388	19
7389	19
7390	19
7391	19
7392	19
7393	19
7394	19
7395	18.9
7396	18.9
7397	18.9
7398	18.9
7399	18.8
7400	18.9
7401	18.8
7402	18.8
7403	18.8
7404	18.8
7405	18.8
7406	18.8
7407	18.8
7408	18.8
7409	18.7
7410	18.7
7411	18.7
7412	18.7
7413	18.7
7414	18.7
7415	18.6
7416	18.6
7417	18.6
7418	18.6
7419	18.6
7420	18.6
7421	18.6
7422	18.6
7423	18.5
7424	18.5
7425	18.5
7426	18.5
7427	18.5
7428	18.5
7429	18.5
7430	18.5
7431	18.4
7432	18.4
7433	18.4
7434	18.4
7435	18.4
7436	18.4
7437	18.3
7438	18.3
7439	18.3
7440	18.3
7441	18.3
7442	18.3
7443	18.3
7444	18.3
7445	18.2
7446	18.2
7447	18.2
7448	18.2
7449	18.2
7450	18.2
7451	18.2
7452	18.1
7453	18.1
7454	18.1
7455	18.1
7456	18.1
7457	18.1
7458	18.1
7459	18.1
7460	18.1
7461	18
7462	18
7463	18
7464	18
7465	18
7466	18
7467	18
7468	18
7469	18
7470	18
7471	18
7472	17.9
7473	17.9
7474	17.9
7475	17.9
7476	17.9
7477	17.9
7478	17.9
7479	17.9
7480	17.9
7481	17.8
7482	17.8
7483	17.8
7484	17.8
7485	17.8
7486	17.8
7487	17.7
7488	17.7
7489	17.7
7490	17.7
7491	17.7
7492	17.7
7493	17.7
7494	17.7
7495	17.6
7496	17.6
7497	17.6
7498	17.6
7499	17.6
7500	17.6
7501	17.6
7502	17.5
7503	17.5
7504	17.5
7505	17.5
7506	17.5
7507	17.5
7508	17.5
7509	17.5
7510	17.5
7511	17.4
7512	17.4
7513	17.4
7514	17.4
7515	17.4
7516	17.4
7517	17.4
7518	17.3
7519	17.3
7520	17.3
7521	17.3
7522	17.3
7523	17.3
7524	17.3
7525	17.2
7526	17.2
7527	17.3
7528	17.2
7529	17.2
7530	17.2
7531	17.2
7532	17.2
7533	17.2
7534	17.2
7535	17.2
7536	17.1
7537	17.2
7538	17.1
7539	17.1
7540	17.1
7541	17.1
7542	17.1
7543	17.1
7544	17.1
7545	17.1
7546	17.1
7547	17.1
7548	17.1
7549	17.1
7550	17.1
7551	17.1
7552	17
7553	17
7554	17
7555	17
7556	17
7557	17
7558	17
7559	17
7560	17
7561	17
7562	17
7563	17
7564	17
7565	17
7566	17
7567	17
7568	17
7569	17
7570	17
7571	17
7572	17
7573	17
7574	17
7575	17
7576	17
7577	17.1
7578	17
7579	17.1
7580	17.1
7581	17.1
7582	17
7583	17
7584	17.1
7585	17
7586	17.1
7587	17.1
7588	17.1
7589	17.1
7590	17.1
7591	17.1
7592	17.1
7593	17.1
7594	17.1
7595	17.1
7596	17.1
7597	17.1
7598	17.1
7599	17.1
7600	17.1
7601	17.1
7602	17.1
7603	17.2
7604	17.1
7605	17.1
7606	17.1
7607	17.2
7608	17.2
7609	17.2
7610	17.2
7611	17.2
7612	17.2
7613	17.2
7614	17.2
7615	17.2
7616	17.2
7617	17.2
7618	17.2
7619	17.2
7620	17.2
7621	17.2
7622	17.2
7623	17.2
7624	17.2
7625	17.2
7626	17.2
7627	17.3
7628	17.3
7629	17.3
7630	17.3
7631	17.3
7632	17.3
7633	17.3
7634	17.3
7635	17.3
7636	17.3
7637	17.3
7638	17.3
7639	17.3
7640	17.3
7641	17.3
7642	17.3
7643	17.3
7644	17.3
7645	17.3
7646	17.3
7647	17.4
7648	17.4
7649	17.4
7650	17.4
7651	17.3
7652	17.3
7653	17.3
7654	17.3
7655	17.3
7656	17.3
7657	17.3
7658	17.3
7659	17.3
7660	17.3
7661	17.3
7662	17.3
7663	17.3
7664	17.3
7665	17.3
7666	17.3
7667	17.3
7668	17.3
7669	17.3
7670	17.3
7671	17.3
7672	17.3
7673	17.3
7674	17.3
7675	17.3
7676	17.3
7677	17.3
7678	17.3
7679	17.3
7680	17.3
7681	17.3
7682	17.3
7683	17.3
7684	17.3
7685	17.3
7686	17.3
7687	17.3
7688	17.3
7689	17.3
7690	17.3
7691	17.3
7692	17.3
7693	17.3
7694	17.3
7695	17.4
7696	17.4
7697	17.4
7698	17.4
7699	17.4
7700	17.4
7701	17.4
7702	17.4
7703	17.4
7704	17.5
7705	17.5
7706	17.5
7707	17.5
7708	17.5
7709	17.5
7710	17.5
7711	17.5
7712	17.6
7713	17.6
7714	17.6
7715	17.7
7716	17.7
7717	17.7
7718	17.7
7719	17.8
7720	17.8
7721	17.8
7722	17.8
7723	17.9
7724	17.9
7725	17.9
7726	17.9
7727	17.9
7728	18
7729	18
7730	18
7731	17.9
7732	17.9
7733	18
7734	18
7735	18
7736	18
7737	18
7738	18.1
7739	18.1
7740	18.1
7741	18.1
7742	18.2
7743	18.2
7744	18.2
7745	18.3
7746	18.3
7747	18.3
7748	18.3
7749	18.3
7750	18.3
7751	18.3
7752	18.3
7753	18.3
7754	18.3
7755	18.3
7756	18.3
7757	18.3
7758	18.3
7759	18.3
7760	18.3
7761	18.3
7762	18.4
7763	18.4
7764	18.4
7765	18.4
7766	18.5
7767	18.5
7768	18.5
7769	18.5
7770	18.5
7771	18.5
7772	18.5
7773	18.5
7774	18.5
7775	18.5
7776	18.5
7777	18.5
7778	18.5
7779	18.5
7780	18.4
7781	18.4
7782	18.4
7783	18.4
7784	18.4
7785	18.4
7786	18.4
7787	18.4
7788	18.4
7789	18.4
7790	18.4
7791	18.4
7792	18.5
7793	18.5
7794	18.5
7795	18.5
7796	18.4
7797	18.5
7798	18.5
7799	18.5
7800	18.5
7801	18.5
7802	18.5
7803	18.5
7804	18.5
7805	18.5
7806	18.5
7807	18.5
7808	18.5
7809	18.5
7810	18.5
7811	18.5
7812	18.5
7813	18.5
7814	18.5
7815	18.5
7816	18.5
7817	18.5
7818	18.5
7819	18.5
7820	18.5
7821	18.5
7822	18.5
7823	18.5
7824	18.5
7825	18.5
7826	18.5
7827	18.5
7828	18.5
7829	18.5
7830	18.5
7831	18.5
7832	18.6
7833	18.6
7834	18.6
7835	18.6
7836	18.6
7837	18.6
7838	18.6
7839	18.6
7840	18.6
7841	18.6
7842	18.6
7843	18.6
7844	18.6
7845	18.6
7846	18.6
7847	18.6
7848	18.6
7849	18.6
7850	18.6
7851	18.6
7852	18.6
7853	18.6
7854	18.6
7855	18.6
7856	18.6
7857	18.6
7858	18.7
7859	18.7
7860	18.7
7861	18.6
7862	18.7
7863	18.7
7864	18.7
7865	18.7
7866	18.7
7867	18.7
7868	18.7
7869	18.7
7870	18.7
7871	18.7
7872	18.7
7873	18.7
7874	18.7
7875	18.7
7876	18.7
7877	18.8
7878	18.8
7879	18.8
7880	18.8
7881	18.8
7882	18.8
7883	18.8
7884	18.8
7885	18.8
7886	18.8
7887	18.8
7888	18.8
7889	18.8
7890	18.8
7891	18.8
7892	18.8
7893	18.8
7894	18.8
7895	18.8
7896	18.8
7897	18.8
7898	18.8
7899	18.8
7900	18.8
7901	18.8
7902	18.8
7903	18.8
7904	18.8
7905	18.8
7906	18.8
7907	18.8
7908	18.8
7909	18.8
7910	18.8
7911	18.8
7912	18.8
7913	18.8
7914	18.8
7915	18.8
7916	18.8
7917	18.8
7918	18.8
7919	18.8
7920	18.8
7921	18.8
7922	18.8
7923	18.8
7924	18.8
7925	18.8
7926	18.8
7927	18.8
7928	18.8
7929	18.8
7930	18.8
7931	18.8
7932	18.8
7933	18.8
7934	18.8
7935	18.8
7936	18.8
7937	18.8
7938	18.8
7939	18.8
7940	18.8
7941	18.8
7942	18.8
7943	18.8
7944	18.9
7945	18.9
7946	18.9
7947	18.9
7948	18.9
7949	18.9
7950	18.9
7951	18.9
7952	18.9
7953	18.9
7954	18.9
7955	18.9
7956	18.9
7957	18.9
7958	18.9
7959	18.9
7960	18.9
7961	18.9
7962	18.9
7963	18.9
7964	18.9
7965	18.9
7966	18.9
7967	18.9
7968	18.9
7969	18.9
7970	18.9
7971	18.9
7972	18.9
7973	18.9
7974	18.9
7975	18.9
7976	18.9
7977	18.9
7978	18.9
7979	18.9
7980	18.9
7981	18.9
7982	19
7983	18.9
7984	18.9
7985	19
7986	18.9
7987	19
7988	19
7989	19
7990	19
7991	19
7992	19
7993	19
7994	19
7995	19
7996	19
7997	19
7998	19
7999	19
8000	19
8001	19
8002	19
8003	19
8004	19
8005	19
8006	19
8007	19
8008	19
8009	19
8010	19
8011	19
8012	19
8013	19
8014	19
8015	19
8016	19
8017	19
8018	19.1
8019	19
8020	19
8021	19
8022	19
8023	19
8024	19.1
8025	19
8026	19.1
8027	19.1
8028	19.1
8029	19.1
8030	19.1
8031	19.1
8032	19.1
8033	19.1
8034	19.1
8035	19.1
8036	19.1
8037	19.1
8038	19.1
8039	19.1
8040	19.1
8041	19.1
8042	19.1
8043	19.1
8044	19.1
8045	19.1
8046	19.1
8047	19.1
8048	19.1
8049	19.1
8050	19.1
8051	19.1
8052	19.1
8053	19.1
8054	19.1
8055	19.2
8056	19.1
8057	19.1
8058	19.2
8059	19.2
8060	19.2
8061	19.2
8062	19.2
8063	19.2
8064	19.2
8065	19.2
8066	19.2
8067	19.2
8068	19.2
8069	19.2
8070	19.2
8071	19.2
8072	19.2
8073	19.2
8074	19.2
8075	19.2
8076	19.2
8077	19.2
8078	19.2
8079	19.2
8080	19.2
8081	19.2
8082	19.2
8083	19.2
8084	19.2
8085	19.2
8086	19.2
8087	19.2
8088	19.2
8089	19.2
8090	19.2
8091	19.2
8092	19.2
8093	19.2
8094	19.3
8095	19.3
8096	19.2
8097	19.2
8098	19.3
8099	19.3
8100	19.3
8101	19.3
8102	19.3
8103	19.3
8104	19.3
8105	19.3
8106	19.3
8107	19.3
8108	19.3
8109	19.3
8110	19.3
8111	19.3
8112	19.3
8113	19.3
8114	19.3
8115	19.3
8116	19.3
8117	19.3
8118	19.3
8119	19.3
8120	19.3
8121	19.3
8122	19.3
8123	19.3
8124	19.3
8125	19.3
8126	19.3
8127	19.3
8128	19.3
8129	19.3
8130	19.3
8131	19.3
8132	19.3
8133	19.3
8134	19.3
8135	19.4
8136	19.3
8137	19.4
8138	19.4
8139	19.4
8140	19.4
8141	19.4
8142	19.4
8143	19.4
8144	19.4
8145	19.4
8146	19.4
8147	19.4
8148	19.4
8149	19.4
8150	19.4
8151	19.4
8152	19.4
8153	19.4
8154	19.4
8155	19.4
8156	19.4
8157	19.4
8158	19.4
8159	19.4
8160	19.4
8161	19.4
8162	19.4
8163	19.4
8164	19.4
8165	19.4
8166	19.4
8167	19.4
8168	19.4
8169	19.4
8170	19.4
8171	19.4
8172	19.5
8173	19.5
8174	19.4
8175	19.5
8176	19.5
8177	19.5
8178	19.5
8179	19.5
8180	19.5
8181	19.5
8182	19.5
8183	19.5
8184	19.5
8185	19.5
8186	19.5
8187	19.5
8188	19.5
8189	19.5
8190	19.5
8191	19.5
8192	19.5
8193	19.5
8194	19.5
8195	19.5
8196	19.5
8197	19.5
8198	19.5
8199	19.5
8200	19.5
8201	19.5
8202	19.5
8203	19.6
8204	19.5
8205	19.5
8206	19.5
8207	19.5
8208	19.5
8209	19.5
8210	19.6
8211	19.5
8212	19.6
8213	19.5
8214	19.6
8215	19.6
8216	19.6
8217	19.6
8218	19.6
8219	19.6
8220	19.6
8221	19.6
8222	19.6
8223	19.6
8224	19.6
8225	19.6
8226	19.6
8227	19.6
8228	19.6
8229	19.6
8230	19.6
8231	19.6
8232	19.6
8233	19.6
8234	19.6
8235	19.6
8236	19.6
8237	19.6
8238	19.6
8239	19.6
8240	19.6
8241	19.6
8242	19.6
8243	19.6
8244	19.6
8245	19.6
8246	19.6
8247	19.6
8248	19.6
8249	19.6
8250	19.7
8251	19.7
8252	19.6
8253	19.6
8254	19.6
8255	19.6
8256	19.7
8257	19.6
8258	19.7
8259	19.7
8260	19.7
8261	19.7
8262	19.7
8263	19.7
8264	19.7
8265	19.7
8266	19.7
8267	19.7
8268	19.7
8269	19.7
8270	19.7
8271	19.7
8272	19.7
8273	19.7
8274	19.7
8275	19.7
8276	19.7
8277	19.7
8278	19.7
8279	19.7
8280	19.7
8281	19.7
8282	19.7
8283	19.7
8284	19.7
8285	19.7
8286	19.7
8287	19.7
8288	19.7
8289	19.7
8290	19.7
8291	19.7
8292	19.7
8293	19.7
8294	19.7
8295	19.7
8296	19.7
8297	19.7
8298	19.7
8299	19.7
8300	19.7
8301	19.7
8302	19.7
8303	19.7
8304	19.7
8305	19.7
8306	19.7
8307	19.7
8308	19.8
8309	19.7
8310	19.8
8311	19.7
8312	19.7
8313	19.7
8314	19.8
8315	19.7
8316	19.7
8317	19.8
8318	19.8
8319	19.8
8320	19.8
8321	19.8
8322	19.8
8323	19.8
8324	19.8
8325	19.8
8326	19.8
8327	19.8
8328	19.8
8329	19.8
8330	19.8
8331	19.8
8332	19.8
8333	19.8
8334	19.8
8335	19.8
8336	19.8
8337	19.8
8338	19.8
8339	19.8
8340	19.8
8341	19.8
8342	19.8
8343	19.8
8344	19.8
8345	19.8
8346	19.8
8347	19.8
8348	19.8
8349	19.8
8350	19.8
8351	19.8
8352	19.8
8353	19.8
8354	19.8
8355	19.8
8356	19.8
8357	19.8
8358	19.8
8359	19.8
8360	19.8
8361	19.8
8362	19.8
8363	19.8
8364	19.8
8365	19.8
8366	19.8
8367	19.8
8368	19.8
8369	19.8
8370	19.8
8371	19.8
8372	19.8
8373	19.8
8374	19.8
8375	19.8
8376	19.8
8377	19.8
8378	19.8
8379	19.9
8380	19.8
8381	19.9
8382	19.8
8383	19.8
8384	19.8
8385	19.8
8386	19.8
8387	19.9
8388	19.8
8389	19.9
8390	19.8
8391	19.8
8392	19.9
8393	19.9
8394	19.9
8395	19.9
8396	19.9
8397	19.9
8398	19.9
8399	19.9
8400	19.9
8401	19.9
8402	19.9
8403	19.9
8404	19.9
8405	19.9
8406	19.9
8407	19.9
8408	19.9
8409	19.9
8410	19.9
8411	19.9
8412	19.9
8413	19.9
8414	19.9
8415	19.9
8416	19.9
8417	19.9
8418	19.9
8419	19.9
8420	19.9
8421	19.9
8422	19.9
8423	19.9
8424	19.9
8425	19.9
8426	19.9
8427	19.9
8428	19.9
8429	19.9
8430	19.9
8431	19.9
8432	19.9
8433	19.9
8434	19.9
8435	19.9
8436	19.9
8437	19.9
8438	19.9
8439	19.9
8440	19.9
8441	19.9
8442	19.9
8443	19.9
8444	19.9
8445	19.9
8446	19.9
8447	19.9
8448	19.9
8449	19.9
8450	19.9
8451	19.9
8452	19.9
8453	19.9
8454	19.9
8455	19.9
8456	19.9
8457	19.9
8458	19.9
8459	19.9
8460	19.9
8461	19.9
8462	19.9
8463	19.9
8464	19.9
8465	19.9
8466	20
8467	19.9
8468	20
8469	19.9
8470	19.9
8471	19.9
8472	19.9
8473	19.9
8474	19.9
8475	19.9
8476	20
8477	20
8478	19.9
8479	19.9
8480	20
8481	20
8482	20
8483	20
8484	20
8485	20
8486	20
8487	20
8488	20
8489	20
8490	20
8491	20
8492	20
8493	20
8494	20
8495	20
8496	20
8497	20
8498	20
8499	20
8500	20
8501	20
8502	20
8503	20
8504	20
8505	20
8506	20
8507	20
8508	20
8509	20
8510	20
8511	20
8512	20
8513	20
8514	20
8515	20
8516	20
8517	20
8518	20
8519	20
8520	20
8521	20
8522	20
8523	20
8524	20
8525	20
8526	20
8527	20
8528	20
8529	20
8530	20
8531	20
8532	20
8533	20
8534	20
8535	20
8536	20
8537	20
8538	20
8539	20
8540	20
8541	20
8542	20
8543	20
8544	20
8545	20
8546	20
8547	20
8548	20
8549	20
8550	20
8551	20.1
8552	20
8553	20.1
8554	20
8555	20
8556	20
8557	20.1
8558	20.1
8559	20.1
8560	20.1
8561	20.1
8562	20.1
8563	20.1
8564	20.1
8565	20.1
8566	20.1
8567	20.1
8568	20.1
8569	20.1
8570	20.1
8571	20.1
8572	20.1
8573	20.1
8574	20.1
8575	20.1
8576	20.1
8577	20.1
8578	20.1
8579	20.1
8580	20.1
8581	20.1
8582	20.1
8583	20.1
8584	20.1
8585	20.1
8586	20.1
8587	20.1
8588	20.1
8589	20.1
8590	20.1
8591	20.1
8592	20.1
8593	20.1
8594	20.1
8595	20.1
8596	20.1
8597	20.1
8598	20.1
8599	20.1
8600	20.1
8601	20.1
8602	20.1
8603	20.1
8604	20.1
8605	20.1
8606	20.1
8607	20.1
8608	20.1
8609	20.1
8610	20.1
8611	20.1
8612	20.1
8613	20.1
8614	20.1
8615	20.1
8616	20.1
8617	20.2
8618	20.1
8619	20.1
8620	20.1
8621	20.1
8622	20.2
8623	20.1
8624	20.1
8625	20.1
8626	20.1
8627	20.2
8628	20.1
8629	20.1
8630	20.1
8631	20.2
8632	20.2
8633	20.2
8634	20.2
8635	20.2
8636	20.2
8637	20.2
8638	20.2
8639	20.2
8640	20.2
8641	20.2
8642	20.2
8643	20.2
8644	20.2
8645	20.2
8646	20.2
8647	20.2
8648	20.2
8649	20.2
8650	20.2
8651	20.2
8652	20.2
8653	20.2
8654	20.2
8655	20.2
8656	20.2
8657	20.2
8658	20.2
8659	20.2
8660	20.2
8661	20.2
8662	20.2
8663	20.2
8664	20.2
8665	20.2
8666	20.2
8667	20.2
8668	20.2
8669	20.2
8670	20.2
8671	20.2
8672	20.2
8673	20.2
8674	20.2
8675	20.2
8676	20.2
8677	20.2
8678	20.2
8679	20.2
8680	20.2
8681	20.2
8682	20.2
8683	20.2
8684	20.2
8685	20.2
8686	20.2
8687	20.2
8688	20.2
8689	20.2
8690	20.2
8691	20.2
8692	20.2
8693	20.2
8694	20.2
8695	20.2
8696	20.2
8697	20.2
8698	20.2
8699	20.2
8700	20.2
8701	20.2
8702	20.2
8703	20.2
8704	20.2
8705	20.2
8706	20.2
8707	20.3
8708	20.2
8709	20.2
8710	20.2
8711	20.2
8712	20.3
8713	20.3
8714	20.2
8715	20.2
8716	20.2
8717	20.2
8718	20.2
8719	20.2
8720	20.3
8721	20.2
8722	20.2
8723	20.3
8724	20.2
8725	20.2
8726	20.3
8727	20.2
8728	20.2
8729	20.3
8730	20.3
8731	20.3
8732	20.2
8733	20.2
8734	20.3
8735	20.3
8736	20.3
8737	20.3
8738	20.3
8739	20.3
8740	20.3
8741	20.3
8742	20.3
8743	20.3
8744	20.3
8745	20.3
8746	20.3
8747	20.3
8748	20.3
8749	20.3
8750	20.3
8751	20.3
8752	20.3
8753	20.3
8754	20.3
8755	20.3
8756	20.3
8757	20.3
8758	20.3
8759	20.3
8760	20.3
8761	20.3
8762	20.3
8763	20.3
8764	20.3
8765	20.3
8766	20.3
8767	20.3
8768	20.3
8769	20.3
8770	20.3
8771	20.3
8772	20.3
8773	20.3
8774	20.3
8775	20.3
8776	20.3
8777	20.3
8778	20.3
8779	20.3
8780	20.3
8781	20.3
8782	20.3
8783	20.3
8784	20.3
8785	20.3
8786	20.3
8787	20.3
8788	20.3
8789	20.3
8790	20.3
8791	20.3
8792	20.3
8793	20.3
8794	20.3
8795	20.3
8796	20.3
8797	20.3
8798	20.3
8799	20.3
8800	20.3
8801	20.3
8802	20.3
8803	20.3
8804	20.3
8805	20.3
8806	20.3
8807	20.3
8808	20.3
8809	20.3
8810	20.3
8811	20.3
8812	20.3
8813	20.3
8814	20.3
8815	20.3
8816	20.3
8817	20.3
8818	20.3
8819	20.3
8820	20.3
8821	20.3
8822	20.3
8823	20.3
8824	20.3
8825	20.3
8826	20.4
8827	20.3
8828	20.3
8829	20.3
8830	20.3
8831	20.4
8832	20.3
8833	20.3
8834	20.4
8835	20.4
8836	20.4
8837	20.3
8838	20.4
8839	20.3
8840	20.3
8841	20.3
8842	20.4
8843	20.3
8844	20.4
8845	20.4
8846	20.4
8847	20.3
8848	20.4
8849	20.4
8850	20.4
8851	20.4
8852	20.4
8853	20.4
8854	20.4
8855	20.3
8856	20.4
8857	20.4
8858	20.4
8859	20.4
8860	20.4
8861	20.4
8862	20.4
8863	20.4
8864	20.4
8865	20.4
8866	20.4
8867	20.4
8868	20.4
8869	20.4
8870	20.4
8871	20.4
8872	20.4
8873	20.4
8874	20.4
8875	20.4
8876	20.4
8877	20.4
8878	20.4
8879	20.4
8880	20.4
8881	20.4
8882	20.4
8883	20.4
8884	20.4
8885	20.4
8886	20.4
8887	20.4
8888	20.4
8889	20.4
8890	20.4
8891	20.4
8892	20.4
8893	20.4
8894	20.4
8895	20.4
8896	20.4
8897	20.4
8898	20.4
8899	20.4
8900	20.4
8901	20.4
8902	20.4
8903	20.4
8904	20.4
8905	20.4
8906	20.4
8907	20.4
8908	20.4
8909	20.4
8910	20.4
8911	20.4
8912	20.4
8913	20.4
8914	20.4
8915	20.4
8916	20.4
8917	20.4
8918	20.4
8919	20.4
8920	20.4
8921	20.4
8922	20.4
8923	20.4
8924	20.4
8925	20.4
8926	20.4
8927	20.4
8928	20.4
8929	20.4
8930	20.4
8931	20.4
8932	20.4
8933	20.4
8934	20.4
8935	20.4
8936	20.4
8937	20.4
8938	20.4
8939	20.4
8940	20.4
8941	20.4
8942	20.4
8943	20.4
8944	20.4
8945	20.4
8946	20.4
8947	20.4
8948	20.4
8949	20.4
8950	20.4
8951	20.4
8952	20.4
8953	20.5
8954	20.4
8955	20.5
8956	20.4
8957	20.5
8958	20.4
8959	20.4
8960	20.4
8961	20.4
8962	20.5
8963	20.5
8964	20.4
8965	20.4
8966	20.4
8967	20.5
8968	20.5
8969	20.5
8970	20.5
8971	20.5
8972	20.5
8973	20.5
8974	20.4
8975	20.5
8976	20.4
8977	20.4
8978	20.4
8979	20.5
8980	20.5
8981	20.4
8982	20.5
8983	20.4
8984	20.5
8985	20.5
8986	20.5
8987	20.4
8988	20.5
8989	20.4
8990	20.5
8991	20.5
8992	20.4
8993	20.4
8994	20.5
8995	20.5
8996	20.4
8997	20.5
8998	20.5
8999	20.4
9000	20.5
9001	20.4
9002	20.5
9003	20.4
9004	20.4
9005	20.5
9006	20.4
9007	20.5
9008	20.5
9009	20.4
9010	20.5
9011	20.5
9012	20.5
9013	20.5
9014	20.4
9015	20.5
9016	20.4
9017	20.5
9018	20.5
9019	20.5
9020	20.5
9021	20.5
9022	20.5
9023	20.5
9024	20.5
9025	20.5
9026	20.5
9027	20.5
9028	20.5
9029	20.5
9030	20.5
9031	20.5
9032	20.5
9033	20.5
9034	20.5
9035	20.5
9036	20.5
9037	20.5
9038	20.5
9039	20.5
9040	20.5
9041	20.5
9042	20.5
9043	20.5
9044	20.5
9045	20.5
9046	20.5
9047	20.5
9048	20.5
9049	20.5
9050	20.5
9051	20.5
9052	20.5
9053	20.5
9054	20.5
9055	20.5
9056	20.5
9057	20.5
9058	20.5
9059	20.5
9060	20.5
9061	20.5
9062	20.5
9063	20.5
9064	20.5
9065	20.5
9066	20.5
9067	20.5
9068	20.5
9069	20.5
9070	20.5
9071	20.5
9072	20.5
9073	20.5
9074	20.5
9075	20.5
9076	20.5
9077	20.5
9078	20.5
9079	20.5
9080	20.5
9081	20.5
9082	20.5
9083	20.5
9084	20.5
9085	20.5
9086	20.5
9087	20.5
9088	20.5
9089	20.5
9090	20.5
9091	20.5
9092	20.5
9093	20.5
9094	20.5
9095	20.5
9096	20.5
9097	20.5
9098	20.5
9099	20.5
9100	20.5
9101	20.5
9102	20.5
9103	20.5
9104	20.5
9105	20.5
9106	20.5
9107	20.5
9108	20.5
9109	20.5
9110	20.5
9111	20.5
9112	20.5
9113	20.5
9114	20.5
9115	20.5
9116	20.5
9117	20.5
9118	20.5
9119	20.5
9120	20.5
9121	20.5
9122	20.5
9123	20.5
9124	20.5
9125	20.5
9126	20.5
9127	20.5
9128	20.5
9129	20.5
9130	20.5
9131	20.5
9132	20.5
9133	20.5
9134	20.5
9135	20.5
9136	20.5
9137	20.5
9138	20.5
9139	20.5
9140	20.5
9141	20.5
9142	20.5
9143	20.5
9144	20.5
9145	20.5
9146	20.5
9147	20.5
9148	20.5
9149	20.5
9150	20.5
9151	20.5
9152	20.5
9153	20.5
9154	20.5
9155	20.5
9156	20.5
9157	20.5
9158	20.5
9159	20.5
9160	20.5
9161	20.5
9162	20.5
9163	20.5
9164	20.5
9165	20.5
9166	20.5
9167	20.5
9168	20.5
9169	20.5
9170	20.5
9171	20.5
9172	20.5
9173	20.5
9174	20.5
9175	20.5
9176	20.5
9177	20.5
9178	20.5
9179	20.5
9180	20.5
9181	20.5
9182	20.5
9183	20.5
9184	20.5
9185	20.5
9186	20.5
9187	20.5
9188	20.5
9189	20.5
9190	20.5
9191	20.5
9192	20.5
9193	20.5
9194	20.5
9195	20.5
9196	20.5
9197	20.5
9198	20.5
9199	20.5
9200	20.5
9201	20.5
9202	20.5
9203	20.5
9204	20.5
9205	20.5
9206	20.5
9207	20.5
9208	20.5
9209	20.5
9210	20.5
9211	20.5
9212	20.5
9213	20.5
9214	20.5
9215	20.5
9216	20.5
9217	20.5
9218	20.5
9219	20.5
9220	20.5
9221	20.5
9222	20.5
9223	20.5
9224	20.5
9225	20.5
9226	20.5
9227	20.5
9228	20.5
9229	20.5
9230	20.5
9231	20.5
9232	20.5
9233	20.5
9234	20.5
9235	20.5
9236	20.5
9237	20.5
9238	20.5
9239	20.5
9240	20.5
9241	20.5
9242	20.5
9243	20.5
9244	20.5
9245	20.5
9246	20.5
9247	20.5
9248	20.5
9249	20.5
9250	20.5
9251	20.5
9252	20.5
9253	20.5
9254	20.5
9255	20.5
9256	20.5
9257	20.5
9258	20.5
9259	20.5
9260	20.5
9261	20.5
9262	20.5
9263	20.5
9264	20.5
9265	20.5
9266	20.5
9267	20.5
9268	20.5
9269	20.5
9270	20.5
9271	20.5
9272	20.5
9273	20.5
9274	20.5
9275	20.5
9276	20.5
9277	20.5
9278	20.5
9279	20.5
9280	20.5
9281	20.5
9282	20.5
9283	20.5
9284	20.5
9285	20.5
9286	20.5
9287	20.5
9288	20.5
9289	20.5
9290	20.5
9291	20.5
9292	20.5
9293	20.5
9294	20.5
9295	20.5
